1741097356279 3.5951404571533203 0
1741097356280 3.1523520946502686 1
1741097356280 2.864443302154541 2
1741097356281 2.6529593467712402 3
1741097356281 2.5065133571624756 4
1741097356282 2.396987199783325 5
1741097356282 2.30584979057312 6
1741097356283 2.2414989471435547 7
1741097356283 2.1788997650146484 8
1741097356283 2.1266252994537354 9
1741097356284 2.083392381668091 10
1741097356284 2.043926477432251 11
1741097356285 2.005922794342041 12
1741097356285 1.977469801902771 13
1741097356286 1.956278920173645 14
1741097356286 1.922134280204773 15
1741097356286 1.9050047397613525 16
1741097356287 1.885197639465332 17
1741097356287 1.86015784740448 18
1741097356288 1.841752052307129 19
1741097356288 1.8304239511489868 20
1741097356288 1.8058167695999146 21
1741097356289 1.8029425144195557 22
1741097356289 1.7820969820022583 23
1741097356290 1.768357276916504 24
1741097356290 1.7509913444519043 25
1741097356291 1.7512644529342651 26
1741097356291 1.744249701499939 27
1741097356291 1.7295695543289185 28
1741097356292 1.7161824703216553 29
1741097356292 1.7014740705490112 30
1741097356293 1.7038005590438843 31
1741097356293 1.6885491609573364 32
1741097356293 1.6866095066070557 33
1741097356294 1.674759864807129 34
1741097356294 1.663275122642517 35
1741097356295 1.6707020998001099 36
1741097356295 1.6606217622756958 37
1741097356295 1.6479302644729614 38
1741097356296 1.6394381523132324 39
1741097356296 1.6415454149246216 40
1741097356297 1.643967866897583 41
1741097356297 1.6236867904663086 42
1741097356297 1.6223323345184326 43
1741097356298 1.6172178983688354 44
1741097356298 1.6215981245040894 45
1741097356299 1.61688232421875 46
1741097356299 1.6054450273513794 47
1741097356300 1.6031246185302734 48
1741097356300 1.5957224369049072 49
1741097356300 1.592787265777588 50
1741097356301 1.595947504043579 51
1741097356301 1.5769821405410767 52
1741097356302 1.5724676847457886 53
1741097356302 1.5808225870132446 54
1741097356302 1.5696570873260498 55
1741097356303 1.575281023979187 56
1741097356303 1.5701978206634521 57
1741097356304 1.5622791051864624 58
1741097356304 1.559120535850525 59
1741097356304 1.54814612865448 60
1741097356305 1.5602142810821533 61
1741097356305 1.5584032535552979 62
1741097356306 1.5462497472763062 63
1741097356306 1.5490471124649048 64
1741097356306 1.5420535802841187 65
1741097356307 1.5439246892929077 66
1741097356307 1.5323675870895386 67
1741097356308 1.5335487127304077 68
1741097356308 1.5251420736312866 69
1741097356308 1.5246800184249878 70
1741097356309 1.5349541902542114 71
1741097356309 1.5181738138198853 72
1741097356310 1.5279568433761597 73
1741097356310 1.5209482908248901 74
1741097356310 1.5083097219467163 75
1741097356311 1.5218310356140137 76
1741097356311 1.5120700597763062 77
1741097356312 1.5133764743804932 78
1741097356312 1.511986494064331 79
1741097356312 1.5078542232513428 80
1741097356313 1.511177897453308 81
1741097356313 1.5041486024856567 82
1741097356314 1.4941092729568481 83
1741097356314 1.4976868629455566 84
1741097356314 1.498079538345337 85
1741097356315 1.4952082633972168 86
1741097356315 1.4956190586090088 87
1741097356316 1.49882972240448 88
1741097356316 1.4801063537597656 89
1741097356316 1.495619535446167 90
1741097356317 1.4897644519805908 91
1741097356317 1.4839445352554321 92
1741097356318 1.4833111763000488 93
1741097356318 1.4793637990951538 94
1741097356318 1.4843257665634155 95
1741097356319 1.4869139194488525 96
1741097356319 1.4821959733963013 97
1741097356320 1.470327377319336 98
1741097356320 1.4638575315475464 99
1741097356320 1.4805597066879272 100
1741097356321 1.4668490886688232 101
1741097356321 1.468230962753296 102
1741097356322 1.4691493511199951 103
1741097356322 1.469638466835022 104
1741097356322 1.4668480157852173 105
1741097356323 1.4675627946853638 106
1741097356323 1.4541958570480347 107
1741097356324 1.4591490030288696 108
1741097356324 1.4563074111938477 109
1741097356324 1.4589312076568604 110
1741097356325 1.4598468542099 111
1741097356325 1.4521790742874146 112
1741097356326 1.451176404953003 113
1741097356326 1.44636869430542 114
1741097356326 1.4503395557403564 115
1741097356327 1.4476937055587769 116
1741097356327 1.4467538595199585 117
1741097356328 1.439671516418457 118
1741097356328 1.4393318891525269 119
1741097356328 1.4576075077056885 120
1741097356329 1.4424408674240112 121
1741097356329 1.444635033607483 122
1741097356330 1.4343212842941284 123
1741097356330 1.4399850368499756 124
1741097356330 1.4444224834442139 125
1741097356331 1.4352293014526367 126
1741097356331 1.4411932229995728 127
1741097356332 1.4304533004760742 128
1741097356332 1.4347580671310425 129
1741097356332 1.439157247543335 130
1741097356333 1.424606204032898 131
1741097356333 1.4369328022003174 132
1741097356334 1.4164658784866333 133
1741097356334 1.4272810220718384 134
1741097356335 1.4238938093185425 135
1741097356335 1.4270484447479248 136
1741097356335 1.4151932001113892 137
1741097356336 1.4243587255477905 138
1741097356336 1.4303621053695679 139
1741097356336 1.4190007448196411 140
1741097356337 1.427178978919983 141
1741097356337 1.4218660593032837 142
1741097356338 1.4141138792037964 143
1741097356338 1.4191290140151978 144
1741097356338 1.4219805002212524 145
1741097356339 1.42255437374115 146
1741097356339 1.4133565425872803 147
1741097356340 1.4139213562011719 148
1741097356340 1.4233571290969849 149
1741097356340 1.4147663116455078 150
1741097356341 1.4023830890655518 151
1741097356341 1.4146573543548584 152
1741097356342 1.4158614873886108 153
1741097356342 1.4201974868774414 154
1741097356342 1.4092121124267578 155
1741097356343 1.40542733669281 156
1741097356343 1.4028509855270386 157
1741097356344 1.3960003852844238 158
1741097356344 1.4121663570404053 159
1741097356344 1.4009299278259277 160
1741097356345 1.4058116674423218 161
1741097356345 1.4040652513504028 162
1741097356346 1.3998944759368896 163
1741097356346 1.4161227941513062 164
1741097356346 1.3967961072921753 165
1741097356347 1.3938313722610474 166
1741097356347 1.394044041633606 167
1741097356348 1.3885747194290161 168
1741097356348 1.4000338315963745 169
1741097356348 1.3964042663574219 170
1741097356349 1.3894741535186768 171
1741097356349 1.3854008913040161 172
1741097356350 1.3840140104293823 173
1741097356350 1.4077097177505493 174
1741097356350 1.3898916244506836 175
1741097356351 1.3886874914169312 176
1741097356351 1.3855985403060913 177
1741097356352 1.3920726776123047 178
1741097356352 1.3937252759933472 179
1741097356352 1.386017918586731 180
1741097356353 1.3880518674850464 181
1741097356353 1.3803191184997559 182
1741097356354 1.4030301570892334 183
1741097356354 1.391847014427185 184
1741097356354 1.3792791366577148 185
1741097356355 1.3867783546447754 186
1741097356355 1.3879786729812622 187
1741097356356 1.380163550376892 188
1741097356356 1.3852607011795044 189
1741097356356 1.3736772537231445 190
1741097356357 1.377236247062683 191
1741097356357 1.3778400421142578 192
1741097356358 1.386621117591858 193
1741097356358 1.3799364566802979 194
1741097356358 1.3744406700134277 195
1741097356359 1.3753678798675537 196
1741097356359 1.3694040775299072 197
1741097356360 1.389041781425476 198
1741097356360 1.3790864944458008 199
1741097356360 1.379273533821106 200
1741097356361 1.3722639083862305 201
1741097356361 1.365264654159546 202
1741097356362 1.377561330795288 203
1741097356362 1.3685561418533325 204
1741097356362 1.3770713806152344 205
1741097356363 1.3637139797210693 206
1741097356363 1.3675652742385864 207
1741097356364 1.3835101127624512 208
1741097356364 1.3775674104690552 209
1741097356364 1.3603498935699463 210
1741097356365 1.3649508953094482 211
1741097356365 1.3607566356658936 212
1741097356365 1.3757773637771606 213
1741097356366 1.3716450929641724 214
1741097356366 1.3673272132873535 215
1741097356367 1.3612207174301147 216
1741097356367 1.361920952796936 217
1741097356367 1.360814094543457 218
1741097356368 1.3637504577636719 219
1741097356368 1.3613373041152954 220
1741097356369 1.3569833040237427 221
1741097356369 1.3593482971191406 222
1741097356369 1.36917245388031 223
1741097356370 1.3585020303726196 224
1741097356370 1.3484244346618652 225
1741097356371 1.3581087589263916 226
1741097356371 1.3559610843658447 227
1741097356371 1.3565752506256104 228
1741097356372 1.356929898262024 229
1741097356372 1.3535208702087402 230
1741097356373 1.355112075805664 231
1741097356373 1.3517576456069946 232
1741097356373 1.3683933019638062 233
1741097356374 1.3508546352386475 234
1741097356374 1.357812762260437 235
1741097356375 1.345845341682434 236
1741097356375 1.3521181344985962 237
1741097356375 1.3576483726501465 238
1741097356376 1.3463845252990723 239
1741097356376 1.3490989208221436 240
1741097356377 1.3562777042388916 241
1741097356377 1.3481866121292114 242
1741097356377 1.3586666584014893 243
1741097356378 1.3527112007141113 244
1741097356378 1.3421599864959717 245
1741097356378 1.3562473058700562 246
1741097356379 1.3442342281341553 247
1741097356379 1.351822853088379 248
1741097356380 1.3466477394104004 249
1741097356380 1.3471636772155762 250
1741097356380 1.3442000150680542 251
1741097356381 1.3491326570510864 252
1741097356381 1.3433154821395874 253
1741097356382 1.3484591245651245 254
1741097356382 1.3368463516235352 255
1741097356382 1.3418583869934082 256
1741097356383 1.3498740196228027 257
1741097356383 1.3545578718185425 258
1741097356384 1.3451634645462036 259
1741097356384 1.3411608934402466 260
1741097356384 1.3382163047790527 261
1741097356385 1.3448548316955566 262
1741097356385 1.3437243700027466 263
1741097356386 1.3400434255599976 264
1741097356386 1.339829683303833 265
1741097356386 1.3424896001815796 266
1741097356387 1.3431715965270996 267
1741097356387 1.3442387580871582 268
1741097356388 1.3426554203033447 269
1741097356388 1.3263599872589111 270
1741097356388 1.3328670263290405 271
1741097356389 1.3445671796798706 272
1741097356389 1.3351647853851318 273
1741097356390 1.3265124559402466 274
1741097356390 1.3364921808242798 275
1741097356390 1.3342159986495972 276
1741097356391 1.3510396480560303 277
1741097356391 1.3327187299728394 278
1741097356392 1.3343805074691772 279
1741097356392 1.3326472043991089 280
1741097356392 1.3416489362716675 281
1741097356393 1.3391098976135254 282
1741097356393 1.333020806312561 283
1741097356394 1.3305052518844604 284
1741097356394 1.3180302381515503 285
1741097356394 1.3434741497039795 286
1741097356395 1.3456190824508667 287
1741097356395 1.328541874885559 288
1741097356396 1.3302502632141113 289
1741097356396 1.325304388999939 290
1741097356396 1.3275996446609497 291
1741097356397 1.3326771259307861 292
1741097356397 1.3247320652008057 293
1741097356397 1.3281716108322144 294
1741097356398 1.3252888917922974 295
1741097356398 1.3291817903518677 296
1741097356399 1.3352956771850586 297
1741097356399 1.322640299797058 298
1741097356399 1.3258534669876099 299
1741097356400 1.332324743270874 300
1741097356400 1.3275315761566162 301
1741097356401 1.3314436674118042 302
1741097356401 1.3255659341812134 303
1741097356401 1.3157808780670166 304
1741097356402 1.3248612880706787 305
1741097356402 1.3202143907546997 306
1741097356403 1.3366228342056274 307
1741097356403 1.3274847269058228 308
1741097356403 1.3140860795974731 309
1741097356404 1.3122196197509766 310
1741097356404 1.323703408241272 311
1741097356405 1.3220289945602417 312
1741097356405 1.316308856010437 313
1741097356405 1.3209342956542969 314
1741097356406 1.313742756843567 315
1741097356406 1.3328778743743896 316
1741097356407 1.3407829999923706 317
1741097356407 1.3205634355545044 318
1741097356407 1.3129384517669678 319
1741097356408 1.3134361505508423 320
1741097356408 1.3239235877990723 321
1741097356409 1.320704460144043 322
1741097356409 1.321022391319275 323
1741097356409 1.3223978281021118 324
1741097356410 1.3163827657699585 325
1741097356410 1.3254250288009644 326
1741097356410 1.3205664157867432 327
1741097356411 1.3128012418746948 328
1741097356411 1.3193622827529907 329
1741097356412 1.3113629817962646 330
1741097356412 1.3215123414993286 331
1741097356412 1.3231544494628906 332
1741097356413 1.3102412223815918 333
1741097356413 1.3167723417282104 334
1741097356414 1.3180879354476929 335
1741097356414 1.3228081464767456 336
1741097356414 1.3191453218460083 337
1741097356415 1.3118821382522583 338
1741097356415 1.3150906562805176 339
1741097356416 1.3084701299667358 340
1741097356416 1.3265093564987183 341
1741097356416 1.312738299369812 342
1741097356417 1.3192238807678223 343
1741097356417 1.3121381998062134 344
1741097356418 1.3110787868499756 345
1741097356418 1.3174395561218262 346
1741097356418 1.3185617923736572 347
1741097356419 1.306613802909851 348
1741097356419 1.3103790283203125 349
1741097356420 1.3132251501083374 350
1741097356420 1.314888834953308 351
1741097356420 1.307884693145752 352
1741097356421 1.3114569187164307 353
1741097356421 1.3075703382492065 354
1741097356421 1.308134913444519 355
1741097356422 1.315635085105896 356
1741097356422 1.3032654523849487 357
1741097356423 1.3049813508987427 358
1741097356423 1.3152287006378174 359
1741097356423 1.3009542226791382 360
1741097356424 1.3069369792938232 361
1741097356424 1.2978308200836182 362
1741097356425 1.3037279844284058 363
1741097356425 1.3123284578323364 364
1741097356425 1.3003323078155518 365
1741097356426 1.3221172094345093 366
1741097356426 1.2979191541671753 367
1741097356427 1.3067638874053955 368
1741097356427 1.309809684753418 369
1741097356427 1.304896354675293 370
1741097356428 1.3172355890274048 371
1741097356428 1.2937204837799072 372
1741097356429 1.305598497390747 373
1741097356429 1.3109880685806274 374
1741097356429 1.2925976514816284 375
1741097356430 1.3138788938522339 376
1741097356430 1.3077187538146973 377
1741097356430 1.3060425519943237 378
1741097356431 1.2988691329956055 379
1741097356431 1.3113486766815186 380
1741097356432 1.3070189952850342 381
1741097356432 1.29746413230896 382
1741097356432 1.3042396306991577 383
1741097356433 1.2961485385894775 384
1741097356433 1.3014721870422363 385
1741097356434 1.307308554649353 386
1741097356434 1.2944791316986084 387
1741097356434 1.2990213632583618 388
1741097356435 1.3008131980895996 389
1741097356435 1.3063019514083862 390
1741097356436 1.304572582244873 391
1741097356436 1.2960809469223022 392
1741097356436 1.2885853052139282 393
1741097356437 1.2996188402175903 394
1741097356437 1.3053104877471924 395
1741097356437 1.303043246269226 396
1741097356438 1.294433832168579 397
1741097356438 1.291520357131958 398
1741097356439 1.297581434249878 399
1741097356439 1.3039188385009766 400
1741097356439 1.300938606262207 401
1741097356440 1.2936005592346191 402
1741097356440 1.2997379302978516 403
1741097356441 1.3034517765045166 404
1741097356441 1.3007721900939941 405
1741097356441 1.2916233539581299 406
1741097356442 1.2893410921096802 407
1741097356442 1.2922542095184326 408
1741097356443 1.2896867990493774 409
1741097356443 1.2993439435958862 410
1741097356443 1.2914257049560547 411
1741097356444 1.294530987739563 412
1741097356444 1.2939256429672241 413
1741097356444 1.2929977178573608 414
1741097356445 1.30398690700531 415
1741097356445 1.2949293851852417 416
1741097356446 1.283390998840332 417
1741097356446 1.2965238094329834 418
1741097356446 1.2962501049041748 419
1741097356447 1.3048206567764282 420
1741097356447 1.2837793827056885 421
1741097356448 1.290969967842102 422
1741097356448 1.2905374765396118 423
1741097356448 1.2952512502670288 424
1741097356449 1.2955118417739868 425
1741097356449 1.2920347452163696 426
1741097356450 1.2835904359817505 427
1741097356450 1.2922831773757935 428
1741097356450 1.2866345643997192 429
1741097356451 1.2955511808395386 430
1741097356451 1.285210132598877 431
1741097356452 1.2918230295181274 432
1741097356452 1.2882076501846313 433
1741097356452 1.2979416847229004 434
1741097356453 1.2959628105163574 435
1741097356453 1.2843855619430542 436
1741097356453 1.290277123451233 437
1741097356454 1.2870222330093384 438
1741097356454 1.2956024408340454 439
1741097356455 1.289352297782898 440
1741097356455 1.2842801809310913 441
1741097356455 1.2839981317520142 442
1741097356456 1.2902591228485107 443
1741097356456 1.2930899858474731 444
1741097356457 1.283225417137146 445
1741097356457 1.2826709747314453 446
1741097356457 1.2861253023147583 447
1741097356458 1.289197564125061 448
1741097356458 1.2913557291030884 449
1741097356459 1.2922526597976685 450
1741097356459 1.2814642190933228 451
1741097356459 1.2880738973617554 452
1741097356460 1.2858554124832153 453
1741097356460 1.2884461879730225 454
1741097356461 1.2814689874649048 455
1741097356461 1.2896150350570679 456
1741097356461 1.2813175916671753 457
1741097356462 1.2818609476089478 458
1741097356462 1.2977622747421265 459
1741097356463 1.284587025642395 460
1741097356463 1.2787957191467285 461
1741097356463 1.2848232984542847 462
1741097356464 1.2793676853179932 463
1741097356464 1.2897104024887085 464
1741097356465 1.2806845903396606 465
1741097356465 1.2809271812438965 466
1741097356465 1.2836079597473145 467
1741097356466 1.2761329412460327 468
1741097356466 1.295384168624878 469
1741097356466 1.281518578529358 470
1741097356467 1.2744051218032837 471
1741097356467 1.2790085077285767 472
1741097356468 1.2844849824905396 473
1741097356468 1.2961314916610718 474
1741097356468 1.278122901916504 475
1741097356469 1.2792317867279053 476
1741097356469 1.2809466123580933 477
1741097356470 1.2800337076187134 478
1741097356470 1.2825013399124146 479
1741097356470 1.2791893482208252 480
1741097356471 1.281093716621399 481
1741097356471 1.2734379768371582 482
1741097356472 1.2776288986206055 483
1741097356472 1.2931711673736572 484
1741097356472 1.2796111106872559 485
1741097356473 1.2734081745147705 486
1741097356473 1.2743628025054932 487
1741097356474 1.2809966802597046 488
1741097356474 1.2847763299942017 489
1741097356474 1.2780603170394897 490
1741097356475 1.2693926095962524 491
1741097356475 1.2808362245559692 492
1741097356476 1.2739808559417725 493
1741097356476 1.287204384803772 494
1741097356476 1.2714424133300781 495
1741097356477 1.2698451280593872 496
1741097356477 1.2754240036010742 497
1741097356477 1.2701460123062134 498
1741097356478 1.289939045906067 499
