1741097356279 0.08689062297344208 0
1741097356280 0.18129687011241913 1
1741097356280 0.2510703206062317 2
1741097356281 0.3018124997615814 3
1741097356281 0.3393906354904175 4
1741097356282 0.3678906261920929 5
1741097356282 0.39232030510902405 6
1741097356283 0.408390611410141 7
1741097356283 0.4241093695163727 8
1741097356283 0.4401015639305115 9
1741097356284 0.45051562786102295 10
1741097356284 0.46110156178474426 11
1741097356285 0.47084376215934753 12
1741097356285 0.47783592343330383 13
1741097356286 0.48490625619888306 14
1741097356286 0.4941484332084656 15
1741097356286 0.4994843602180481 16
1741097356287 0.5031562447547913 17
1741097356287 0.508414089679718 18
1741097356288 0.5146328210830688 19
1741097356288 0.5184453129768372 20
1741097356288 0.5246328115463257 21
1741097356289 0.5257421731948853 22
1741097356289 0.5307265520095825 23
1741097356290 0.5354297161102295 24
1741097356290 0.5384843945503235 25
1741097356291 0.5400937795639038 26
1741097356291 0.5430703163146973 27
1741097356291 0.5442968606948853 28
1741097356292 0.5497812628746033 29
1741097356292 0.5540781021118164 30
1741097356293 0.5510390400886536 31
1741097356293 0.5563281178474426 32
1741097356293 0.5563593506813049 33
1741097356294 0.561718761920929 34
1741097356294 0.5630624890327454 35
1741097356295 0.5617031455039978 36
1741097356295 0.5654140710830688 37
1741097356295 0.5684140920639038 38
1741097356296 0.5695234537124634 39
1741097356296 0.5698124766349792 40
1741097356297 0.5700390338897705 41
1741097356297 0.5726953148841858 42
1741097356297 0.5759687423706055 43
1741097356298 0.5764062404632568 44
1741097356298 0.5741249918937683 45
1741097356299 0.5759375095367432 46
1741097356299 0.5790547132492065 47
1741097356300 0.5783593654632568 48
1741097356300 0.580273449420929 49
1741097356300 0.5812656283378601 50
1741097356301 0.5805078148841858 51
1741097356301 0.5859375 52
1741097356302 0.5865468978881836 53
1741097356302 0.5850156545639038 54
1741097356302 0.5881327986717224 55
1741097356303 0.5872969031333923 56
1741097356303 0.5887500047683716 57
1741097356304 0.5880390405654907 58
1741097356304 0.5903750061988831 59
1741097356304 0.5925468802452087 60
1741097356305 0.5922499895095825 61
1741097356305 0.5919296741485596 62
1741097356306 0.593375027179718 63
1741097356306 0.5930469036102295 64
1741097356306 0.5945859551429749 65
1741097356307 0.594531238079071 66
1741097356307 0.5993672013282776 67
1741097356308 0.5966406464576721 68
1741097356308 0.5985937714576721 69
1741097356308 0.5997499823570251 70
1741097356309 0.5980077981948853 71
1741097356309 0.6009296774864197 72
1741097356310 0.6000156402587891 73
1741097356310 0.6014140844345093 74
1741097356310 0.6038515567779541 75
1741097356311 0.6009296774864197 76
1741097356311 0.6039531230926514 77
1741097356312 0.6033828258514404 78
1741097356312 0.6024218797683716 79
1741097356312 0.6034140586853027 80
1741097356313 0.6018437743186951 81
1741097356313 0.6043046712875366 82
1741097356314 0.6080859303474426 83
1741097356314 0.6075624823570251 84
1741097356314 0.6061484217643738 85
1741097356315 0.608523428440094 86
1741097356315 0.6084452867507935 87
1741097356316 0.6076093912124634 88
1741097356316 0.611703097820282 89
1741097356316 0.6088593602180481 90
1741097356317 0.6107656359672546 91
1741097356317 0.6092890501022339 92
1741097356318 0.6128125190734863 93
1741097356318 0.6119765639305115 94
1741097356318 0.6117656230926514 95
1741097356319 0.6105234622955322 96
1741097356319 0.6119921803474426 97
1741097356320 0.614507794380188 98
1741097356320 0.6152031421661377 99
1741097356320 0.6123906373977661 100
1741097356321 0.6146484613418579 101
1741097356321 0.6149452924728394 102
1741097356322 0.6147656440734863 103
1741097356322 0.6145390868186951 104
1741097356322 0.6150859594345093 105
1741097356323 0.6159843802452087 106
1741097356323 0.6181562542915344 107
1741097356324 0.6177265644073486 108
1741097356324 0.616281270980835 109
1741097356324 0.6172500252723694 110
1741097356325 0.618093729019165 111
1741097356325 0.618539035320282 112
1741097356326 0.6190312504768372 113
1741097356326 0.6197187304496765 114
1741097356326 0.6186797022819519 115
1741097356327 0.6190859079360962 116
1741097356327 0.620492160320282 117
1741097356328 0.625124990940094 118
1741097356328 0.6230156421661377 119
1741097356328 0.6191562414169312 120
1741097356329 0.6224140524864197 121
1741097356329 0.6210703253746033 122
1741097356330 0.6228906512260437 123
1741097356330 0.624148428440094 124
1741097356330 0.6229921579360962 125
1741097356331 0.6245468854904175 126
1741097356331 0.6227187514305115 127
1741097356332 0.6235312223434448 128
1741097356332 0.6260781288146973 129
1741097356332 0.6232734322547913 130
1741097356333 0.6261875033378601 131
1741097356333 0.6239922046661377 132
1741097356334 0.6276640892028809 133
1741097356334 0.6259687542915344 134
1741097356335 0.6257578134536743 135
1741097356335 0.6265390515327454 136
1741097356335 0.6288750171661377 137
1741097356336 0.6271562576293945 138
1741097356336 0.6265000104904175 139
1741097356336 0.626101553440094 140
1741097356337 0.6256250143051147 141
1741097356337 0.6272968649864197 142
1741097356338 0.6297734379768372 143
1741097356338 0.6285547018051147 144
1741097356338 0.6270859241485596 145
1741097356339 0.6282265782356262 146
1741097356339 0.6309999823570251 147
1741097356340 0.629757821559906 148
1741097356340 0.6269687414169312 149
1741097356340 0.6293593645095825 150
1741097356341 0.6336718797683716 151
1741097356341 0.6304687261581421 152
1741097356342 0.6302812695503235 153
1741097356342 0.6294843554496765 154
1741097356342 0.6304922103881836 155
1741097356343 0.6327734589576721 156
1741097356343 0.6319921612739563 157
1741097356344 0.6345937252044678 158
1741097356344 0.6315781474113464 159
1741097356344 0.6323359608650208 160
1741097356345 0.6332578063011169 161
1741097356345 0.6337500214576721 162
1741097356346 0.6330390572547913 163
1741097356346 0.6301093697547913 164
1741097356346 0.6354140639305115 165
1741097356347 0.6363828182220459 166
1741097356347 0.6348203420639038 167
1741097356348 0.6368203163146973 168
1741097356348 0.633593738079071 169
1741097356348 0.6339218616485596 170
1741097356349 0.6356562376022339 171
1741097356349 0.6375234127044678 172
1741097356350 0.6362187266349792 173
1741097356350 0.6321094036102295 174
1741097356350 0.6354843974113464 175
1741097356351 0.6357969045639038 176
1741097356351 0.6375547051429749 177
1741097356352 0.6363750100135803 178
1741097356352 0.6356328129768372 179
1741097356352 0.638476550579071 180
1741097356353 0.6361015439033508 181
1741097356353 0.6381406188011169 182
1741097356354 0.6328437328338623 183
1741097356354 0.6362812519073486 184
1741097356354 0.637820303440094 185
1741097356355 0.6363828182220459 186
1741097356355 0.6369922161102295 187
1741097356356 0.6386874914169312 188
1741097356356 0.6366875171661377 189
1741097356356 0.6400703191757202 190
1741097356357 0.6383671760559082 191
1741097356357 0.6398046612739563 192
1741097356358 0.6383749842643738 193
1741097356358 0.6391171813011169 194
1741097356358 0.6412578225135803 195
1741097356359 0.6403828263282776 196
1741097356359 0.6421015858650208 197
1741097356360 0.6384297013282776 198
1741097356360 0.6407031416893005 199
1741097356360 0.6388202905654907 200
1741097356361 0.639453113079071 201
1741097356361 0.6420468688011169 202
1741097356362 0.6391875147819519 203
1741097356362 0.6420390605926514 204
1741097356362 0.6405234336853027 205
1741097356363 0.6423437595367432 206
1741097356363 0.6426874995231628 207
1741097356364 0.6373593807220459 208
1741097356364 0.641796886920929 209
1741097356364 0.6449531316757202 210
1741097356365 0.6430156230926514 211
1741097356365 0.6433281302452087 212
1741097356365 0.6398281455039978 213
1741097356366 0.6403124928474426 214
1741097356366 0.6428828239440918 215
1741097356367 0.6432421803474426 216
1741097356367 0.6425625085830688 217
1741097356367 0.6447734236717224 218
1741097356368 0.6444218754768372 219
1741097356368 0.6453281044960022 220
1741097356369 0.6434921622276306 221
1741097356369 0.6442734599113464 222
1741097356369 0.6444844007492065 223
1741097356370 0.6439765691757202 224
1741097356370 0.647531270980835 225
1741097356371 0.6460859179496765 226
1741097356371 0.6454765796661377 227
1741097356371 0.6451015472412109 228
1741097356372 0.6463906168937683 229
1741097356372 0.6452265381813049 230
1741097356373 0.6456562280654907 231
1741097356373 0.6459921598434448 232
1741097356373 0.6429843902587891 233
1741097356374 0.6465390920639038 234
1741097356374 0.6450625061988831 235
1741097356375 0.6485156416893005 236
1741097356375 0.6460546851158142 237
1741097356375 0.6448437571525574 238
1741097356376 0.6495546698570251 239
1741097356376 0.6472578048706055 240
1741097356377 0.6452187299728394 241
1741097356377 0.6476328372955322 242
1741097356377 0.6461172103881836 243
1741097356378 0.6477187275886536 244
1741097356378 0.6479140520095825 245
1741097356378 0.646414041519165 246
1741097356379 0.6487656235694885 247
1741097356379 0.6465937495231628 248
1741097356380 0.6489062309265137 249
1741097356380 0.6476953029632568 250
1741097356380 0.6480312347412109 251
1741097356381 0.6490625143051147 252
1741097356381 0.6487265825271606 253
1741097356382 0.6464296579360962 254
1741097356382 0.6509374976158142 255
1741097356382 0.6493906378746033 256
1741097356383 0.6467265486717224 257
1741097356383 0.6464765667915344 258
1741097356384 0.650640606880188 259
1741097356384 0.6492968797683716 260
1741097356384 0.6511796712875366 261
1741097356385 0.6501093506813049 262
1741097356385 0.6492812633514404 263
1741097356386 0.6510859131813049 264
1741097356386 0.6505390405654907 265
1741097356386 0.6499843597412109 266
1741097356387 0.6507499814033508 267
1741097356387 0.6503828167915344 268
1741097356388 0.6499765515327454 269
1741097356388 0.6542109251022339 270
1741097356388 0.6513749957084656 271
1741097356389 0.6497421860694885 272
1741097356389 0.6508281230926514 273
1741097356390 0.6537343859672546 274
1741097356390 0.6498359441757202 275
1741097356390 0.6501874923706055 276
1741097356391 0.6485000252723694 277
1741097356391 0.652273416519165 278
1741097356392 0.6511562466621399 279
1741097356392 0.6509687304496765 280
1741097356392 0.6494609117507935 281
1741097356393 0.6504296660423279 282
1741097356393 0.6517812609672546 283
1741097356394 0.6512109637260437 284
1741097356394 0.6554921865463257 285
1741097356394 0.6497031450271606 286
1741097356395 0.6508046984672546 287
1741097356395 0.6521640419960022 288
1741097356396 0.6525234580039978 289
1741097356396 0.6550937294960022 290
1741097356396 0.6528593897819519 291
1741097356397 0.6519843935966492 292
1741097356397 0.6545156240463257 293
1741097356397 0.6528750061988831 294
1741097356398 0.6538906097412109 295
1741097356398 0.6544296741485596 296
1741097356399 0.6527812480926514 297
1741097356399 0.6537343859672546 298
1741097356399 0.6538046598434448 299
1741097356400 0.653976559638977 300
1741097356400 0.6521015763282776 301
1741097356401 0.6517343521118164 302
1741097356401 0.6535468697547913 303
1741097356401 0.6569609642028809 304
1741097356402 0.6535546779632568 305
1741097356402 0.6570624709129333 306
1741097356403 0.6508359313011169 307
1741097356403 0.6534922122955322 308
1741097356403 0.6559844017028809 309
1741097356404 0.6573906540870667 310
1741097356404 0.6539375185966492 311
1741097356405 0.6554218530654907 312
1741097356405 0.656499981880188 313
1741097356405 0.655468761920929 314
1741097356406 0.6572499871253967 315
1741097356406 0.6545234322547913 316
1741097356407 0.6509609222412109 317
1741097356407 0.6560702919960022 318
1741097356407 0.6560234427452087 319
1741097356408 0.6564687490463257 320
1741097356408 0.6546640396118164 321
1741097356409 0.6552890539169312 322
1741097356409 0.6550312638282776 323
1741097356409 0.6552187204360962 324
1741097356410 0.6562656164169312 325
1741097356410 0.6555625200271606 326
1741097356410 0.6568124890327454 327
1741097356411 0.6569609642028809 328
1741097356411 0.6567578315734863 329
1741097356412 0.6588906049728394 330
1741097356412 0.6563047170639038 331
1741097356412 0.6550703048706055 332
1741097356413 0.6587109565734863 333
1741097356413 0.6557187438011169 334
1741097356414 0.6548905968666077 335
1741097356414 0.6554296612739563 336
1741097356414 0.655398428440094 337
1741097356415 0.657351553440094 338
1741097356415 0.6574531197547913 339
1741097356416 0.6574296951293945 340
1741097356416 0.6552578210830688 341
1741097356416 0.6561406254768372 342
1741097356417 0.6548203229904175 343
1741097356417 0.6560624837875366 344
1741097356418 0.6578124761581421 345
1741097356418 0.6566484570503235 346
1741097356418 0.656000018119812 347
1741097356419 0.6593906283378601 348
1741097356419 0.6580703258514404 349
1741097356420 0.6572890877723694 350
1741097356420 0.6566484570503235 351
1741097356420 0.6585078239440918 352
1741097356421 0.6580156087875366 353
1741097356421 0.6584296822547913 354
1741097356421 0.6587265729904175 355
1741097356422 0.656499981880188 356
1741097356422 0.658523440361023 357
1741097356423 0.6603984236717224 358
1741097356423 0.6581015586853027 359
1741097356423 0.6598593592643738 360
1741097356424 0.6599375009536743 361
1741097356424 0.6619687676429749 362
1741097356425 0.6603281497955322 363
1741097356425 0.658203125 364
1741097356425 0.6606171727180481 365
1741097356426 0.6560156345367432 366
1741097356426 0.6609452962875366 367
1741097356427 0.6596640348434448 368
1741097356427 0.6601250171661377 369
1741097356427 0.6612734198570251 370
1741097356428 0.6580390334129333 371
1741097356428 0.6621953248977661 372
1741097356429 0.6587343811988831 373
1741097356429 0.657882809638977 374
1741097356429 0.6626328229904175 375
1741097356430 0.6573359370231628 376
1741097356430 0.6583828330039978 377
1741097356430 0.6598671674728394 378
1741097356431 0.6621953248977661 379
1741097356431 0.6591015458106995 380
1741097356432 0.6594452857971191 381
1741097356432 0.6614297032356262 382
1741097356432 0.6596328020095825 383
1741097356433 0.6621875166893005 384
1741097356433 0.6609140634536743 385
1741097356434 0.657828152179718 386
1741097356434 0.662179708480835 387
1741097356434 0.6622031331062317 388
1741097356435 0.6619531512260437 389
1741097356435 0.6599375009536743 390
1741097356436 0.6578515768051147 391
1741097356436 0.6607734560966492 392
1741097356436 0.6644296646118164 393
1741097356437 0.6612109541893005 394
1741097356437 0.6615468859672546 395
1741097356437 0.6608281135559082 396
1741097356438 0.6627734303474426 397
1741097356438 0.6619218587875366 398
1741097356439 0.6620781421661377 399
1741097356439 0.6596875190734863 400
1741097356439 0.6612187623977661 401
1741097356440 0.6629999876022339 402
1741097356440 0.6611953377723694 403
1741097356441 0.659500002861023 404
1741097356441 0.660351574420929 405
1741097356441 0.6612109541893005 406
1741097356442 0.6616874933242798 407
1741097356442 0.6630234122276306 408
1741097356443 0.6618202924728394 409
1741097356443 0.661859393119812 410
1741097356443 0.6642187237739563 411
1741097356444 0.6625312566757202 412
1741097356444 0.6618359088897705 413
1741097356444 0.6635312438011169 414
1741097356445 0.6600624918937683 415
1741097356445 0.6625000238418579 416
1741097356446 0.6662265658378601 417
1741097356446 0.6629999876022339 418
1741097356446 0.6617031097412109 419
1741097356447 0.6591562628746033 420
1741097356447 0.6648984551429749 421
1741097356448 0.664132833480835 422
1741097356448 0.6638906002044678 423
1741097356448 0.661453127861023 424
1741097356449 0.6627812385559082 425
1741097356449 0.6625546813011169 426
1741097356450 0.6645156145095825 427
1741097356450 0.6640703082084656 428
1741097356450 0.663687527179718 429
1741097356451 0.6617265343666077 430
1741097356451 0.6652812361717224 431
1741097356452 0.6628515720367432 432
1741097356452 0.6633437275886536 433
1741097356452 0.6623749732971191 434
1741097356453 0.6616640686988831 435
1741097356453 0.6627890467643738 436
1741097356453 0.6621640920639038 437
1741097356454 0.6657187342643738 438
1741097356454 0.6638047099113464 439
1741097356455 0.6646171808242798 440
1741097356455 0.6661562323570251 441
1741097356455 0.6653828024864197 442
1741097356456 0.6646718978881836 443
1741097356456 0.6620156168937683 444
1741097356457 0.665765643119812 445
1741097356457 0.6640234589576721 446
1741097356457 0.6666328310966492 447
1741097356458 0.6639453172683716 448
1741097356458 0.6628046631813049 449
1741097356459 0.6629687547683716 450
1741097356459 0.6660078167915344 451
1741097356459 0.6642968654632568 452
1741097356460 0.6640390753746033 453
1741097356460 0.663937509059906 454
1741097356461 0.6642187237739563 455
1741097356461 0.665234386920929 456
1741097356461 0.6664062738418579 457
1741097356462 0.6657890677452087 458
1741097356462 0.6635781526565552 459
1741097356463 0.6646327972412109 460
1741097356463 0.6646327972412109 461
1741097356463 0.6673906445503235 462
1741097356464 0.6673906445503235 463
1741097356464 0.6646562218666077 464
1741097356465 0.6662421822547913 465
1741097356465 0.6672968864440918 466
1741097356465 0.6639687418937683 467
1741097356466 0.6669609546661377 468
1741097356466 0.6654531359672546 469
1741097356466 0.6667343974113464 470
1741097356467 0.6674922108650208 471
1741097356467 0.6675546765327454 472
1741097356468 0.665234386920929 473
1741097356468 0.6631249785423279 474
1741097356468 0.665640652179718 475
1741097356469 0.666921854019165 476
1741097356469 0.6675390601158142 477
1741097356470 0.6654219031333923 478
1741097356470 0.6667578220367432 479
1741097356470 0.666742205619812 480
1741097356471 0.6662968993186951 481
1741097356471 0.6686406135559082 482
1741097356472 0.6668124794960022 483
1741097356472 0.6658124923706055 484
1741097356472 0.6679999828338623 485
1741097356473 0.6679921746253967 486
1741097356473 0.6679297089576721 487
1741097356474 0.6668202877044678 488
1741097356474 0.6639531254768372 489
1741097356474 0.6665234565734863 490
1741097356475 0.6687031388282776 491
1741097356475 0.6671249866485596 492
1741097356476 0.6693671941757202 493
1741097356476 0.667312502861023 494
1741097356476 0.6680234670639038 495
1741097356477 0.6685078144073486 496
1741097356477 0.6687031388282776 497
1741097356477 0.6698750257492065 498
1741097356478 0.6655156016349792 499
