1741149446414 0.09962499886751175 0
1741149446415 0.22307030856609344 1
1741149446415 0.3111172020435333 2
1741149446416 0.3698671758174896 3
1741149446417 0.4114375114440918 4
1741149446417 0.44435155391693115 5
1741149446418 0.4682031273841858 6
1741149446419 0.4901796877384186 7
1741149446419 0.5065781474113464 8
1741149446420 0.5232968926429749 9
1741149446420 0.5359296798706055 10
1741149446421 0.5472187399864197 11
1741149446421 0.5573593974113464 12
1741149446422 0.5673750042915344 13
1741149446422 0.5766953229904175 14
1741149446423 0.5813906192779541 15
1741149446423 0.589242160320282 16
1741149446424 0.5951640605926514 17
1741149446424 0.6001874804496765 18
1741149446424 0.606695294380188 19
1741149446425 0.6100390553474426 20
1741149446425 0.614859402179718 21
1741149446426 0.6157812476158142 22
1741149446426 0.6222422122955322 23
1741149446427 0.6283281445503235 24
1741149446427 0.6291406154632568 25
1741149446428 0.631765604019165 26
1741149446428 0.6355078220367432 27
1741149446429 0.6380781531333923 28
1741149446429 0.6408593654632568 29
1741149446429 0.6459921598434448 30
1741149446430 0.6465077996253967 31
1741149446430 0.6492343544960022 32
1741149446431 0.6491171717643738 33
1741149446431 0.6503828167915344 34
1741149446432 0.651687502861023 35
1741149446432 0.6560390591621399 36
1741149446433 0.6555703282356262 37
1741149446433 0.6609140634536743 38
1741149446434 0.6591562628746033 39
1741149446434 0.6618046760559082 40
1741149446434 0.6627968549728394 41
1741149446435 0.6642812490463257 42
1741149446435 0.6655077934265137 43
1741149446436 0.6674374938011169 44
1741149446436 0.6692578196525574 45
1741149446437 0.6703047156333923 46
1741149446437 0.6714296936988831 47
1741149446438 0.674023449420929 48
1741149446438 0.6736015677452087 49
1741149446439 0.6756171584129333 50
1741149446439 0.6754921674728394 51
1741149446439 0.6760547161102295 52
1741149446440 0.6774687767028809 53
1741149446440 0.6793281435966492 54
1741149446441 0.6804999709129333 55
1741149446441 0.680343747138977 56
1741149446442 0.6823750138282776 57
1741149446442 0.6798984408378601 58
1741149446443 0.6841015815734863 59
1741149446443 0.6856328248977661 60
1741149446443 0.6847265362739563 61
1741149446444 0.6864374876022339 62
1741149446444 0.6881484389305115 63
1741149446445 0.6885937452316284 64
1741149446445 0.6884921789169312 65
1741149446446 0.6894453167915344 66
1741149446446 0.6896874904632568 67
1741149446447 0.6932578086853027 68
1741149446447 0.691281259059906 69
1741149446447 0.692007839679718 70
1741149446448 0.6929922103881836 71
1741149446448 0.6913984417915344 72
1741149446449 0.6951953172683716 73
1741149446449 0.6957265734672546 74
1741149446450 0.6978828310966492 75
1741149446450 0.6964921951293945 76
1741149446451 0.6976796984672546 77
1741149446451 0.6973828077316284 78
1741149446451 0.6992343664169312 79
1741149446452 0.6983515620231628 80
1741149446452 0.6968359351158142 81
1741149446453 0.6986562609672546 82
1741149446453 0.700976550579071 83
1741149446454 0.6990546584129333 84
1741149446454 0.7011484503746033 85
1741149446455 0.7031640410423279 86
1741149446455 0.702078104019165 87
1741149446455 0.7034375071525574 88
1741149446456 0.7035078406333923 89
1741149446456 0.704882800579071 90
1741149446457 0.704828143119812 91
1741149446457 0.7062109112739563 92
1741149446458 0.7049375176429749 93
1741149446458 0.7063906192779541 94
1741149446459 0.7062031030654907 95
1741149446459 0.7043437361717224 96
1741149446459 0.7068437337875366 97
1741149446460 0.7061328291893005 98
1741149446460 0.7101874947547913 99
1741149446461 0.7101640701293945 100
1741149446461 0.707632839679718 101
1741149446462 0.7095390558242798 102
1741149446462 0.7108593583106995 103
1741149446463 0.7110156416893005 104
1741149446463 0.7136640548706055 105
1741149446463 0.7126718759536743 106
1741149446464 0.7131640911102295 107
1741149446464 0.714648425579071 108
1741149446465 0.7128828167915344 109
1741149446465 0.7155547142028809 110
1741149446466 0.712289035320282 111
1741149446466 0.7144843935966492 112
1741149446467 0.7141484618186951 113
1741149446467 0.7148984670639038 114
1741149446467 0.7138281464576721 115
1741149446468 0.7138281464576721 116
1741149446468 0.7177109122276306 117
1741149446469 0.7152265906333923 118
1741149446469 0.7173047065734863 119
1741149446470 0.7180469036102295 120
1741149446470 0.7179765701293945 121
1741149446471 0.7187421917915344 122
1741149446471 0.718093752861023 123
1741149446471 0.7182187438011169 124
1741149446472 0.7180859446525574 125
1741149446472 0.7179375290870667 126
1741149446473 0.7177500128746033 127
1741149446473 0.7225078344345093 128
1741149446474 0.7191874980926514 129
1741149446474 0.7203359603881836 130
1741149446475 0.7229999899864197 131
1741149446475 0.7219531536102295 132
1741149446475 0.7212812304496765 133
1741149446476 0.7233984470367432 134
1741149446476 0.7222656011581421 135
1741149446477 0.7205390334129333 136
1741149446477 0.722406268119812 137
1741149446478 0.7218202948570251 138
1741149446478 0.7242500185966492 139
1741149446479 0.7240546941757202 140
1741149446479 0.7255703210830688 141
1741149446479 0.7253203392028809 142
1741149446480 0.7253437638282776 143
1741149446480 0.7278437614440918 144
1741149446481 0.7249687314033508 145
1741149446481 0.7261796593666077 146
1741149446482 0.727914035320282 147
1741149446482 0.7265781164169312 148
1741149446482 0.7291406393051147 149
1741149446483 0.7261250019073486 150
1741149446483 0.727289080619812 151
1741149446484 0.7265546917915344 152
1741149446484 0.728445291519165 153
1741149446485 0.7300859093666077 154
1741149446485 0.7278984189033508 155
1741149446485 0.729742169380188 156
1741149446486 0.7293593883514404 157
1741149446486 0.726632833480835 158
1741149446487 0.7311406135559082 159
1741149446487 0.7306328415870667 160
1741149446488 0.7276562452316284 161
1741149446488 0.7311093807220459 162
1741149446489 0.7316874861717224 163
1741149446489 0.7301952838897705 164
1741149446489 0.7327109575271606 165
1741149446490 0.7289375066757202 166
1741149446490 0.7317422032356262 167
1741149446491 0.7311718463897705 168
1741149446491 0.7339453101158142 169
1741149446492 0.7312968969345093 170
1741149446492 0.7302656173706055 171
1741149446493 0.7342265844345093 172
1741149446493 0.7341874837875366 173
1741149446493 0.7326640486717224 174
1741149446494 0.7332890629768372 175
1741149446494 0.7319453358650208 176
1741149446495 0.7329531311988831 177
1741149446495 0.7346327900886536 178
1741149446496 0.7328047156333923 179
1741149446496 0.7343281507492065 180
1741149446496 0.733523428440094 181
1741149446497 0.7332500219345093 182
1741149446497 0.7346327900886536 183
1741149446498 0.7354375123977661 184
1741149446498 0.7352421879768372 185
1741149446499 0.7345312237739563 186
1741149446499 0.735476553440094 187
1741149446500 0.7369921803474426 188
1741149446500 0.7344218492507935 189
1741149446500 0.7344140410423279 190
1741149446501 0.7348203063011169 191
1741149446501 0.73828125 192
1741149446502 0.7368593811988831 193
1741149446502 0.7378984093666077 194
1741149446503 0.7367656230926514 195
1741149446503 0.7376640439033508 196
1741149446504 0.7378359436988831 197
1741149446504 0.7356796860694885 198
1741149446504 0.7396171689033508 199
1741149446505 0.7369218468666077 200
1741149446505 0.7334062457084656 201
1741149446506 0.739382803440094 202
1741149446506 0.7377812266349792 203
1741149446507 0.7385859489440918 204
1741149446507 0.7384921908378601 205
1741149446507 0.7398046851158142 206
1741149446508 0.7387265563011169 207
1741149446508 0.7383984327316284 208
1741149446509 0.7392265796661377 209
1741149446509 0.7377031445503235 210
1741149446510 0.7378984093666077 211
1741149446510 0.7411640882492065 212
1741149446511 0.7401875257492065 213
1741149446511 0.7398750185966492 214
1741149446511 0.7409374713897705 215
1741149446512 0.7408202886581421 216
1741149446512 0.7420390844345093 217
1741149446513 0.740234375 218
1741149446513 0.7392656207084656 219
1741149446514 0.7403203248977661 220
1741149446514 0.7421484589576721 221
1741149446514 0.7422187328338623 222
1741149446515 0.7422109246253967 223
1741149446515 0.7420156002044678 224
1741149446516 0.7424296736717224 225
1741149446516 0.7407031059265137 226
1741149446517 0.7424687743186951 227
1741149446517 0.7413437366485596 228
1741149446518 0.7410312294960022 229
1741149446518 0.742117166519165 230
1741149446518 0.7420468926429749 231
1741149446519 0.7438671588897705 232
1741149446519 0.7429843544960022 233
1741149446520 0.7406952977180481 234
1741149446520 0.743359386920929 235
1741149446521 0.7416484355926514 236
1741149446521 0.7418828010559082 237
1741149446521 0.7427734136581421 238
1741149446522 0.7413437366485596 239
1741149446522 0.7433671951293945 240
1741149446523 0.743289053440094 241
1741149446523 0.7423202991485596 242
1741149446524 0.7434765696525574 243
1741149446524 0.7441250085830688 244
1741149446525 0.7422031164169312 245
1741149446525 0.7476249933242798 246
1741149446525 0.7444375157356262 247
1741149446526 0.7425390481948853 248
1741149446526 0.7428749799728394 249
1741149446527 0.7475312352180481 250
1741149446527 0.7452812790870667 251
1741149446528 0.7462578415870667 252
1741149446528 0.7455078363418579 253
1741149446529 0.7468906044960022 254
1741149446529 0.7449296712875366 255
1741149446529 0.7453984618186951 256
1741149446530 0.746414065361023 257
1741149446530 0.745968759059906 258
1741149446531 0.7456562519073486 259
1741149446531 0.7444999814033508 260
1741149446532 0.745898425579071 261
1741149446532 0.7470077872276306 262
1741149446532 0.7469609379768372 263
1741149446533 0.746874988079071 264
1741149446533 0.7467656135559082 265
1741149446534 0.7468671798706055 266
1741149446534 0.7471874952316284 267
1741149446535 0.7461875081062317 268
1741149446535 0.7452499866485596 269
1741149446536 0.7480156421661377 270
1741149446536 0.7463515400886536 271
1741149446536 0.7490781545639038 272
1741149446537 0.7468906044960022 273
1741149446537 0.7457265853881836 274
1741149446538 0.7468984127044678 275
1741149446538 0.7448437213897705 276
1741149446539 0.7472422122955322 277
1741149446539 0.7464062571525574 278
1741149446539 0.7495156526565552 279
1741149446540 0.7479531168937683 280
1741149446540 0.7483437657356262 281
1741149446541 0.7484765648841858 282
1741149446541 0.7484375238418579 283
1741149446542 0.7500547170639038 284
1741149446542 0.7490156292915344 285
1741149446543 0.7487578392028809 286
1741149446543 0.7496484518051147 287
1741149446543 0.7488750219345093 288
1741149446544 0.7482030987739563 289
1741149446544 0.7485312223434448 290
1741149446545 0.7485703229904175 291
1741149446545 0.7501640915870667 292
1741149446546 0.7469687461853027 293
1741149446546 0.7487578392028809 294
1741149446546 0.7520078420639038 295
1741149446547 0.7495781183242798 296
1741149446547 0.7498672008514404 297
1741149446548 0.7527109384536743 298
1741149446548 0.7500781416893005 299
1741149446549 0.7491328120231628 300
1741149446549 0.7529453039169312 301
1741149446550 0.7493047118186951 302
1741149446550 0.7511171698570251 303
1741149446550 0.7502734661102295 304
1741149446551 0.7485156059265137 305
1741149446551 0.7510234117507935 306
1741149446552 0.7505781054496765 307
1741149446552 0.7493827939033508 308
1741149446553 0.7495703101158142 309
1741149446553 0.7513359189033508 310
1741149446553 0.7512578368186951 311
1741149446554 0.7517890334129333 312
1741149446554 0.7510390877723694 313
1741149446555 0.7512890696525574 314
1741149446555 0.7512890696525574 315
1741149446556 0.7513906359672546 316
1741149446556 0.7534453272819519 317
1741149446556 0.7541484236717224 318
1741149446557 0.7520156502723694 319
1741149446557 0.7538515329360962 320
1741149446558 0.7519687414169312 321
1741149446558 0.7519765496253967 322
1741149446559 0.750374972820282 323
1741149446559 0.7521718740463257 324
1741149446560 0.7530781030654907 325
1741149446560 0.7522422075271606 326
1741149446560 0.7487421631813049 327
1741149446561 0.751351535320282 328
1741149446561 0.7543515563011169 329
1741149446562 0.7504765391349792 330
1741149446562 0.7537421584129333 331
1741149446563 0.7529296875 332
1741149446563 0.7532421946525574 333
1741149446563 0.7524843811988831 334
1741149446564 0.7549609541893005 335
1741149446564 0.7538437247276306 336
1741149446565 0.7527499794960022 337
1741149446565 0.7536015510559082 338
1741149446566 0.7534921765327454 339
1741149446566 0.7542031407356262 340
1741149446566 0.7527577877044678 341
1741149446567 0.7535781264305115 342
1741149446567 0.7538750171661377 343
1741149446568 0.7563359141349792 344
1741149446568 0.7530312538146973 345
1741149446569 0.7530468702316284 346
1741149446569 0.7547812461853027 347
1741149446570 0.7560312747955322 348
1741149446570 0.7540390491485596 349
1741149446570 0.7540859580039978 350
1741149446571 0.7553359270095825 351
1741149446571 0.7531015872955322 352
1741149446572 0.7543047070503235 353
1741149446572 0.7552499771118164 354
1741149446573 0.7557187676429749 355
1741149446573 0.7554765343666077 356
1741149446573 0.755664050579071 357
1741149446574 0.7529140710830688 358
1741149446574 0.7555781006813049 359
1741149446575 0.7562109231948853 360
1741149446575 0.7547031044960022 361
1741149446576 0.7570468783378601 362
1741149446576 0.7554922103881836 363
1741149446576 0.7562656402587891 364
1741149446577 0.7572265863418579 365
1741149446577 0.7542968988418579 366
1741149446578 0.756906270980835 367
1741149446578 0.7567421793937683 368
1741149446579 0.7535703182220459 369
1741149446579 0.7568671703338623 370
1741149446580 0.7574140429496765 371
1741149446580 0.7554296851158142 372
1741149446580 0.7561484575271606 373
1741149446581 0.7562500238418579 374
1741149446581 0.7551875114440918 375
1741149446582 0.7570078372955322 376
1741149446582 0.7571874856948853 377
1741149446583 0.755484402179718 378
1741149446583 0.7575703263282776 379
1741149446583 0.7559921741485596 380
1741149446584 0.7555859088897705 381
1741149446584 0.7571328282356262 382
1741149446585 0.7566718459129333 383
1741149446585 0.7578515410423279 384
1741149446586 0.7561874985694885 385
1741149446586 0.7582578063011169 386
1741149446587 0.7570390701293945 387
1741149446587 0.7585077881813049 388
1741149446587 0.757085919380188 389
1741149446588 0.7574843764305115 390
1741149446588 0.7575547099113464 391
1741149446589 0.7577109336853027 392
1741149446589 0.7573046684265137 393
1741149446590 0.759890615940094 394
1741149446590 0.7580702900886536 395
1741149446590 0.7578046917915344 396
1741149446591 0.7590546607971191 397
1741149446591 0.7575469017028809 398
1741149446592 0.7582578063011169 399
1741149446592 0.7571015357971191 400
1741149446593 0.7589062452316284 401
1741149446593 0.7583984136581421 402
1741149446593 0.7582499980926514 403
1741149446594 0.7576797008514404 404
1741149446594 0.7598593831062317 405
1741149446595 0.7585781216621399 406
1741149446595 0.7580937743186951 407
1741149446596 0.7588437795639038 408
1741149446596 0.7592890858650208 409
1741149446596 0.7586953043937683 410
1741149446597 0.7604687213897705 411
1741149446597 0.7572578191757202 412
1741149446598 0.758062481880188 413
1741149446598 0.7606640458106995 414
1741149446599 0.7595624923706055 415
1741149446599 0.7578125 416
1741149446599 0.7566875219345093 417
1741149446600 0.7608906030654907 418
1741149446600 0.7584843635559082 419
1741149446601 0.7602812647819519 420
1741149446601 0.7582187652587891 421
1741149446602 0.7579922080039978 422
1741149446602 0.7590078115463257 423
1741149446603 0.7587578296661377 424
1741149446603 0.7604531049728394 425
1741149446603 0.7603046894073486 426
1741149446604 0.7603984475135803 427
1741149446604 0.7604374885559082 428
1741149446605 0.7608906030654907 429
1741149446605 0.7615546584129333 430
1741149446606 0.7606640458106995 431
1741149446606 0.7611718773841858 432
1741149446606 0.7586874961853027 433
1741149446607 0.7591562271118164 434
1741149446607 0.7610312700271606 435
1741149446608 0.7606562376022339 436
1741149446608 0.7605937719345093 437
1741149446609 0.7595312595367432 438
1741149446609 0.7624218463897705 439
1741149446609 0.7598515748977661 440
1741149446610 0.7607890367507935 441
1741149446610 0.758007824420929 442
1741149446611 0.7612500190734863 443
1741149446611 0.7596562504768372 444
1741149446612 0.7583593726158142 445
1741149446612 0.7605702877044678 446
1741149446612 0.7609453201293945 447
1741149446613 0.7628594040870667 448
1741149446613 0.7610156536102295 449
1741149446614 0.7606953382492065 450
1741149446614 0.7625077962875366 451
1741149446615 0.760992169380188 452
1741149446615 0.7588281035423279 453
1741149446616 0.7626796960830688 454
1741149446616 0.7613593935966492 455
1741149446616 0.7623124718666077 456
1741149446617 0.7613281011581421 457
1741149446617 0.7607343792915344 458
1741149446618 0.7616093754768372 459
1741149446618 0.7605937719345093 460
1741149446619 0.7630937695503235 461
1741149446619 0.7603984475135803 462
1741149446619 0.7619922161102295 463
1741149446620 0.7626796960830688 464
1741149446620 0.7625547051429749 465
1741149446621 0.7614218592643738 466
1741149446621 0.7615703344345093 467
1741149446622 0.7613124847412109 468
1741149446622 0.7611093521118164 469
1741149446622 0.7623437643051147 470
1741149446623 0.7612578272819519 471
1741149446623 0.7621796727180481 472
1741149446624 0.7630781531333923 473
1741149446624 0.7624218463897705 474
1741149446625 0.762093722820282 475
1741149446625 0.7616562247276306 476
1741149446625 0.7608359456062317 477
1741149446626 0.7607578039169312 478
1741149446626 0.7603359222412109 479
1741149446627 0.762945294380188 480
1741149446627 0.7614843845367432 481
1741149446628 0.762765645980835 482
1741149446628 0.7644374966621399 483
1741149446628 0.7631015777587891 484
1741149446629 0.7606640458106995 485
1741149446629 0.7641327977180481 486
1741149446630 0.7618749737739563 487
1741149446630 0.7630312442779541 488
1741149446631 0.7633749842643738 489
1741149446631 0.7626875042915344 490
1741149446632 0.7616249918937683 491
1741149446632 0.7616953253746033 492
1741149446632 0.7643203139305115 493
1741149446633 0.7630390524864197 494
1741149446633 0.7640234231948853 495
1741149446634 0.7643359303474426 496
1741149446634 0.7641640901565552 497
1741149446635 0.7624218463897705 498
1741149446635 0.7626093626022339 499
