1741149446414 3.5070688724517822 0
1741149446415 2.8879661560058594 1
1741149446415 2.5389859676361084 2
1741149446416 2.298203229904175 3
1741149446417 2.1303770542144775 4
1741149446417 2.0140199661254883 5
1741149446418 1.9338773488998413 6
1741149446419 1.8532875776290894 7
1741149446419 1.7936341762542725 8
1741149446420 1.725357174873352 9
1741149446420 1.6890525817871094 10
1741149446421 1.6510769128799438 11
1741149446421 1.6128493547439575 12
1741149446422 1.5778064727783203 13
1741149446422 1.545106291770935 14
1741149446423 1.5251635313034058 15
1741149446423 1.5000237226486206 16
1741149446424 1.477824091911316 17
1741149446424 1.4566929340362549 18
1741149446424 1.4368467330932617 19
1741149446425 1.4314353466033936 20
1741149446425 1.4077625274658203 21
1741149446426 1.3960298299789429 22
1741149446426 1.382067084312439 23
1741149446427 1.3680058717727661 24
1741149446427 1.358703851699829 25
1741149446428 1.3465102910995483 26
1741149446428 1.3333221673965454 27
1741149446429 1.3255805969238281 28
1741149446429 1.3164002895355225 29
1741149446429 1.3006706237792969 30
1741149446430 1.2937815189361572 31
1741149446430 1.2916535139083862 32
1741149446431 1.2836909294128418 33
1741149446431 1.282654881477356 34
1741149446432 1.2713735103607178 35
1741149446432 1.2628672122955322 36
1741149446433 1.2588618993759155 37
1741149446433 1.2464606761932373 38
1741149446434 1.24723219871521 39
1741149446434 1.2420971393585205 40
1741149446434 1.2330341339111328 41
1741149446435 1.2382464408874512 42
1741149446435 1.230372428894043 43
1741149446436 1.2193377017974854 44
1741149446436 1.2108925580978394 45
1741149446437 1.2134863138198853 46
1741149446437 1.2079353332519531 47
1741149446438 1.2029961347579956 48
1741149446438 1.1982945203781128 49
1741149446439 1.1910068988800049 50
1741149446439 1.1905838251113892 51
1741149446439 1.1872825622558594 52
1741149446440 1.186043620109558 53
1741149446440 1.1804689168930054 54
1741149446441 1.1790506839752197 55
1741149446441 1.1678060293197632 56
1741149446442 1.1736403703689575 57
1741149446442 1.166123867034912 58
1741149446443 1.162834882736206 59
1741149446443 1.158449649810791 60
1741149446443 1.161913275718689 61
1741149446444 1.1582849025726318 62
1741149446444 1.1512833833694458 63
1741149446445 1.1523776054382324 64
1741149446445 1.14799165725708 65
1741149446446 1.1467373371124268 66
1741149446446 1.1434448957443237 67
1741149446447 1.1321582794189453 68
1741149446447 1.1319165229797363 69
1741149446447 1.1357665061950684 70
1741149446448 1.1307055950164795 71
1741149446448 1.1368101835250854 72
1741149446449 1.1251639127731323 73
1741149446449 1.123054027557373 74
1741149446450 1.114999532699585 75
1741149446450 1.1201591491699219 76
1741149446451 1.1133220195770264 77
1741149446451 1.1124745607376099 78
1741149446451 1.109157681465149 79
1741149446452 1.1123181581497192 80
1741149446452 1.1124264001846313 81
1741149446453 1.1083475351333618 82
1741149446453 1.1024171113967896 83
1741149446454 1.1098816394805908 84
1741149446454 1.0981694459915161 85
1741149446455 1.102789044380188 86
1741149446455 1.0977829694747925 87
1741149446455 1.0904934406280518 88
1741149446456 1.094377040863037 89
1741149446456 1.0915764570236206 90
1741149446457 1.0959322452545166 91
1741149446457 1.0835860967636108 92
1741149446458 1.092956781387329 93
1741149446458 1.0873875617980957 94
1741149446459 1.0792672634124756 95
1741149446459 1.089178204536438 96
1741149446459 1.079075813293457 97
1741149446460 1.084902286529541 98
1741149446460 1.0745093822479248 99
1741149446461 1.0759632587432861 100
1741149446461 1.0802710056304932 101
1741149446462 1.0795363187789917 102
1741149446462 1.0655734539031982 103
1741149446463 1.0672687292099 104
1741149446463 1.0626506805419922 105
1741149446463 1.0642796754837036 106
1741149446464 1.0593334436416626 107
1741149446464 1.0620901584625244 108
1741149446465 1.0564606189727783 109
1741149446465 1.0601866245269775 110
1741149446466 1.0614367723464966 111
1741149446466 1.0587782859802246 112
1741149446467 1.0573036670684814 113
1741149446467 1.0535989999771118 114
1741149446467 1.0583587884902954 115
1741149446468 1.0542949438095093 116
1741149446468 1.0469367504119873 117
1741149446469 1.06083345413208 118
1741149446469 1.0457066297531128 119
1741149446470 1.0500859022140503 120
1741149446470 1.0437997579574585 121
1741149446471 1.037531852722168 122
1741149446471 1.0410363674163818 123
1741149446471 1.039186954498291 124
1741149446472 1.043348789215088 125
1741149446472 1.0420643091201782 126
1741149446473 1.0468882322311401 127
1741149446473 1.0325847864151 128
1741149446474 1.0386899709701538 129
1741149446474 1.0382312536239624 130
1741149446475 1.0322356224060059 131
1741149446475 1.0281851291656494 132
1741149446475 1.031911849975586 133
1741149446476 1.0247808694839478 134
1741149446476 1.0235016345977783 135
1741149446477 1.0375816822052002 136
1741149446477 1.0272718667984009 137
1741149446478 1.0242191553115845 138
1741149446478 1.0257869958877563 139
1741149446479 1.028511881828308 140
1741149446479 1.0172255039215088 141
1741149446479 1.0193630456924438 142
1741149446480 1.0135294198989868 143
1741149446480 1.014540672302246 144
1741149446481 1.028258204460144 145
1741149446481 1.0165268182754517 146
1741149446482 1.0099867582321167 147
1741149446482 1.0095471143722534 148
1741149446482 1.0112005472183228 149
1741149446483 1.0114715099334717 150
1741149446483 1.0074092149734497 151
1741149446484 1.009698510169983 152
1741149446484 1.0062321424484253 153
1741149446485 1.005252480506897 154
1741149446485 1.0099323987960815 155
1741149446485 1.004263162612915 156
1741149446486 1.0004724264144897 157
1741149446486 1.0080958604812622 158
1741149446487 1.0056252479553223 159
1741149446487 0.9923462867736816 160
1741149446488 1.0071579217910767 161
1741149446488 1.000052571296692 162
1741149446489 0.996323823928833 163
1741149446489 1.0029643774032593 164
1741149446489 0.9944106340408325 165
1741149446490 1.0037497282028198 166
1741149446490 0.9938071370124817 167
1741149446491 0.9955835342407227 168
1741149446491 0.9896595478057861 169
1741149446492 1.0005179643630981 170
1741149446492 0.9992036819458008 171
1741149446493 0.9866630434989929 172
1741149446493 0.9879234433174133 173
1741149446493 0.9943748712539673 174
1741149446494 0.9913408160209656 175
1741149446494 0.9948577880859375 176
1741149446495 0.9906743168830872 177
1741149446495 0.9889811277389526 178
1741149446496 0.9955752491950989 179
1741149446496 0.9874932765960693 180
1741149446496 0.9889612793922424 181
1741149446497 0.9898228645324707 182
1741149446497 0.9816532135009766 183
1741149446498 0.9833104014396667 184
1741149446498 0.9846855998039246 185
1741149446499 0.9868173003196716 186
1741149446499 0.9830666184425354 187
1741149446500 0.9737273454666138 188
1741149446500 0.985324501991272 189
1741149446500 0.9856008887290955 190
1741149446501 0.9857504367828369 191
1741149446501 0.976205587387085 192
1741149446502 0.9821775555610657 193
1741149446502 0.9787513613700867 194
1741149446503 0.9775134325027466 195
1741149446503 0.9744159579277039 196
1741149446504 0.9759066104888916 197
1741149446504 0.9807843565940857 198
1741149446504 0.9738125801086426 199
1741149446505 0.9769390225410461 200
1741149446505 0.9859709143638611 201
1741149446506 0.9678197503089905 202
1741149446506 0.9742008447647095 203
1741149446507 0.9683946371078491 204
1741149446507 0.9692403078079224 205
1741149446507 0.9702348113059998 206
1741149446508 0.965610921382904 207
1741149446508 0.9699034094810486 208
1741149446509 0.971854567527771 209
1741149446509 0.9721654057502747 210
1741149446510 0.9738298058509827 211
1741149446510 0.9655961394309998 212
1741149446511 0.9687516689300537 213
1741149446511 0.9615700840950012 214
1741149446511 0.9580715298652649 215
1741149446512 0.9660348892211914 216
1741149446512 0.9571277499198914 217
1741149446513 0.9666754603385925 218
1741149446513 0.9739177823066711 219
1741149446514 0.9633720517158508 220
1741149446514 0.9581157565116882 221
1741149446514 0.9578552842140198 222
1741149446515 0.9606401324272156 223
1741149446515 0.9594319462776184 224
1741149446516 0.9578350782394409 225
1741149446516 0.9655202627182007 226
1741149446517 0.9606661200523376 227
1741149446517 0.9587404727935791 228
1741149446518 0.9556047916412354 229
1741149446518 0.9595284461975098 230
1741149446518 0.958605170249939 231
1741149446519 0.958670973777771 232
1741149446519 0.9577372074127197 233
1741149446520 0.9549556970596313 234
1741149446520 0.9557332992553711 235
1741149446521 0.9583931565284729 236
1741149446521 0.9559534192085266 237
1741149446521 0.9531187415122986 238
1741149446522 0.9607099890708923 239
1741149446522 0.9556578397750854 240
1741149446523 0.9513558745384216 241
1741149446523 0.953629732131958 242
1741149446524 0.9540894627571106 243
1741149446524 0.9495740532875061 244
1741149446525 0.9547005891799927 245
1741149446525 0.9408370852470398 246
1741149446525 0.9502048492431641 247
1741149446526 0.9509068727493286 248
1741149446526 0.9523313045501709 249
1741149446527 0.9452182650566101 250
1741149446527 0.9483510851860046 251
1741149446528 0.943755030632019 252
1741149446528 0.9477907419204712 253
1741149446529 0.9465839266777039 254
1741149446529 0.949155867099762 255
1741149446529 0.946514368057251 256
1741149446530 0.9415192008018494 257
1741149446530 0.9420168399810791 258
1741149446531 0.9452838897705078 259
1741149446531 0.9478850364685059 260
1741149446532 0.9484055638313293 261
1741149446532 0.9412592649459839 262
1741149446532 0.9445443153381348 263
1741149446533 0.9401779174804688 264
1741149446533 0.9426679015159607 265
1741149446534 0.9389830231666565 266
1741149446534 0.9426137208938599 267
1741149446535 0.9474307894706726 268
1741149446535 0.9400833249092102 269
1741149446536 0.9367652535438538 270
1741149446536 0.9481158256530762 271
1741149446536 0.9394882917404175 272
1741149446537 0.9415205121040344 273
1741149446537 0.9394952058792114 274
1741149446538 0.9360835552215576 275
1741149446538 0.947359025478363 276
1741149446539 0.9407668113708496 277
1741149446539 0.9413985013961792 278
1741149446539 0.9318510293960571 279
1741149446540 0.9345506429672241 280
1741149446540 0.9410945177078247 281
1741149446541 0.9413753151893616 282
1741149446541 0.9363952279090881 283
1741149446542 0.933694064617157 284
1741149446542 0.9360071420669556 285
1741149446543 0.9314988851547241 286
1741149446543 0.9339345097541809 287
1741149446543 0.9310982823371887 288
1741149446544 0.9378511309623718 289
1741149446544 0.9376598596572876 290
1741149446545 0.9384809732437134 291
1741149446545 0.9285407662391663 292
1741149446546 0.9367913603782654 293
1741149446546 0.9336687326431274 294
1741149446546 0.9247437119483948 295
1741149446547 0.9346121549606323 296
1741149446547 0.9322570562362671 297
1741149446548 0.923133134841919 298
1741149446548 0.9315207004547119 299
1741149446549 0.9346891641616821 300
1741149446549 0.9236428737640381 301
1741149446550 0.9347650408744812 302
1741149446550 0.9260486960411072 303
1741149446550 0.9271368980407715 304
1741149446551 0.9309152364730835 305
1741149446551 0.9288157224655151 306
1741149446552 0.9305520057678223 307
1741149446552 0.9364863634109497 308
1741149446553 0.9261521697044373 309
1741149446553 0.9259020090103149 310
1741149446553 0.9286717772483826 311
1741149446554 0.9304495453834534 312
1741149446554 0.922865092754364 313
1741149446555 0.9291364550590515 314
1741149446555 0.9237309098243713 315
1741149446556 0.9260227084159851 316
1741149446556 0.9205105304718018 317
1741149446556 0.9183019995689392 318
1741149446557 0.9262799024581909 319
1741149446557 0.9150294065475464 320
1741149446558 0.9230393171310425 321
1741149446558 0.9263092279434204 322
1741149446559 0.926372766494751 323
1741149446559 0.9197027683258057 324
1741149446560 0.9171009063720703 325
1741149446560 0.9228702783584595 326
1741149446560 0.929707407951355 327
1741149446561 0.9232912659645081 328
1741149446561 0.915165901184082 329
1741149446562 0.9256228804588318 330
1741149446562 0.9199259281158447 331
1741149446563 0.9192329049110413 332
1741149446563 0.9137062430381775 333
1741149446563 0.9215037822723389 334
1741149446564 0.9134981036186218 335
1741149446564 0.9189332723617554 336
1741149446565 0.9179180860519409 337
1741149446565 0.9176003932952881 338
1741149446566 0.9148638844490051 339
1741149446566 0.9122143983840942 340
1741149446566 0.9176958799362183 341
1741149446567 0.9192914962768555 342
1741149446567 0.9166735410690308 343
1741149446568 0.9134038686752319 344
1741149446568 0.9159494638442993 345
1741149446569 0.9208881855010986 346
1741149446569 0.9168842434883118 347
1741149446570 0.9088345170021057 348
1741149446570 0.9129777550697327 349
1741149446570 0.9130604863166809 350
1741149446571 0.9137862324714661 351
1741149446571 0.9155496954917908 352
1741149446572 0.9116007089614868 353
1741149446572 0.9093562960624695 354
1741149446573 0.9088917374610901 355
1741149446573 0.9154899716377258 356
1741149446573 0.906978964805603 357
1741149446574 0.9186787009239197 358
1741149446574 0.9120314121246338 359
1741149446575 0.9090676307678223 360
1741149446575 0.9145100116729736 361
1741149446576 0.9058501720428467 362
1741149446576 0.916042685508728 363
1741149446576 0.9091947674751282 364
1741149446577 0.9097939729690552 365
1741149446577 0.915228009223938 366
1741149446578 0.9047456979751587 367
1741149446578 0.9049478769302368 368
1741149446579 0.914365828037262 369
1741149446579 0.9080411195755005 370
1741149446580 0.9043689966201782 371
1741149446580 0.9079351425170898 372
1741149446580 0.9111682772636414 373
1741149446581 0.90773606300354 374
1741149446581 0.9083836078643799 375
1741149446582 0.901098370552063 376
1741149446582 0.9079968333244324 377
1741149446583 0.9105032086372375 378
1741149446583 0.9051604270935059 379
1741149446583 0.9092649221420288 380
1741149446584 0.9037059545516968 381
1741149446584 0.9026051163673401 382
1741149446585 0.908259391784668 383
1741149446585 0.9062504768371582 384
1741149446586 0.9043592214584351 385
1741149446586 0.9000243544578552 386
1741149446587 0.9082967638969421 387
1741149446587 0.9013190865516663 388
1741149446587 0.9018725752830505 389
1741149446588 0.9027549028396606 390
1741149446588 0.9018659591674805 391
1741149446589 0.9039421677589417 392
1741149446589 0.9020379185676575 393
1741149446590 0.8968388438224792 394
1741149446590 0.9020442366600037 395
1741149446590 0.903332531452179 396
1741149446591 0.8977789878845215 397
1741149446591 0.9015135169029236 398
1741149446592 0.8992437124252319 399
1741149446592 0.9018067121505737 400
1741149446593 0.9005149602890015 401
1741149446593 0.900796115398407 402
1741149446593 0.901491641998291 403
1741149446594 0.8994086980819702 404
1741149446594 0.8976085186004639 405
1741149446595 0.9016178846359253 406
1741149446595 0.901931643486023 407
1741149446596 0.8991256356239319 408
1741149446596 0.8996362686157227 409
1741149446596 0.9022399187088013 410
1741149446597 0.8960209488868713 411
1741149446597 0.9024045467376709 412
1741149446598 0.8984512686729431 413
1741149446598 0.8958520293235779 414
1741149446599 0.8955792188644409 415
1741149446599 0.9007505774497986 416
1741149446599 0.8971436619758606 417
1741149446600 0.8975636959075928 418
1741149446600 0.9001715779304504 419
1741149446601 0.8979194760322571 420
1741149446601 0.8951093554496765 421
1741149446602 0.9023439884185791 422
1741149446602 0.8974411487579346 423
1741149446603 0.8990722298622131 424
1741149446603 0.8927634954452515 425
1741149446603 0.896671712398529 426
1741149446604 0.8921240568161011 427
1741149446604 0.893634021282196 428
1741149446605 0.8911111354827881 429
1741149446605 0.8901079297065735 430
1741149446606 0.8945934772491455 431
1741149446606 0.8959656953811646 432
1741149446606 0.8933658599853516 433
1741149446607 0.8947747349739075 434
1741149446607 0.8915919661521912 435
1741149446608 0.8940629363059998 436
1741149446608 0.8979316353797913 437
1741149446609 0.8944113254547119 438
1741149446609 0.8869801759719849 439
1741149446609 0.8933202028274536 440
1741149446610 0.8867595195770264 441
1741149446610 0.8950343132019043 442
1741149446611 0.8874809741973877 443
1741149446611 0.892227053642273 444
1741149446612 0.8979893326759338 445
1741149446612 0.887834370136261 446
1741149446612 0.8965245485305786 447
1741149446613 0.8858191967010498 448
1741149446613 0.8905367255210876 449
1741149446614 0.8872616291046143 450
1741149446614 0.8877614736557007 451
1741149446615 0.8900883197784424 452
1741149446615 0.8953753113746643 453
1741149446616 0.8847759962081909 454
1741149446616 0.8886169195175171 455
1741149446616 0.8899202942848206 456
1741149446617 0.8873322606086731 457
1741149446617 0.8919647336006165 458
1741149446618 0.8883001804351807 459
1741149446618 0.8951781988143921 460
1741149446619 0.8825337290763855 461
1741149446619 0.8866689801216125 462
1741149446619 0.8901622295379639 463
1741149446620 0.8875868916511536 464
1741149446620 0.8868077993392944 465
1741149446621 0.8857665061950684 466
1741149446621 0.890291690826416 467
1741149446622 0.8882240056991577 468
1741149446622 0.8922091722488403 469
1741149446622 0.8841384649276733 470
1741149446623 0.8818801641464233 471
1741149446623 0.8895730376243591 472
1741149446624 0.8853332996368408 473
1741149446624 0.8850218653678894 474
1741149446625 0.8889166712760925 475
1741149446625 0.8869408965110779 476
1741149446625 0.8912382125854492 477
1741149446626 0.8870611786842346 478
1741149446626 0.8898789882659912 479
1741149446627 0.8838064670562744 480
1741149446627 0.887566328048706 481
1741149446628 0.8830744624137878 482
1741149446628 0.883073627948761 483
1741149446628 0.8823879361152649 484
1741149446629 0.8884257078170776 485
1741149446629 0.8805469870567322 486
1741149446630 0.8914409279823303 487
1741149446630 0.8819684386253357 488
1741149446631 0.881575345993042 489
1741149446631 0.8879767060279846 490
1741149446632 0.8908990025520325 491
1741149446632 0.8909581303596497 492
1741149446632 0.8835961222648621 493
1741149446633 0.881296694278717 494
1741149446633 0.8798314929008484 495
1741149446634 0.8797949552536011 496
1741149446634 0.8827177882194519 497
1741149446635 0.8842419385910034 498
1741149446635 0.8808070421218872 499
