1741204504327 3.451404571533203 0
1741204504327 3.050996780395508 1
1741204504328 2.787543296813965 2
1741204504329 2.5772671699523926 3
1741204504329 2.4050912857055664 4
1741204504330 2.2654037475585938 5
1741204504330 2.1541547775268555 6
1741204504331 2.064239025115967 7
1741204504331 1.9882162809371948 8
1741204504332 1.9275254011154175 9
1741204504332 1.8546297550201416 10
1741204504333 1.8047890663146973 11
1741204504333 1.7563363313674927 12
1741204504334 1.7073477506637573 13
1741204504334 1.6767293214797974 14
1741204504335 1.638627290725708 15
1741204504335 1.600472331047058 16
1741204504336 1.5718441009521484 17
1741204504336 1.5451236963272095 18
1741204504337 1.518782615661621 19
1741204504337 1.495647668838501 20
1741204504338 1.4691749811172485 21
1741204504338 1.4437175989151 22
1741204504339 1.430827260017395 23
1741204504339 1.406994104385376 24
1741204504340 1.3890022039413452 25
1741204504340 1.366930365562439 26
1741204504341 1.3541256189346313 27
1741204504341 1.333135724067688 28
1741204504341 1.3149166107177734 29
1741204504342 1.308178424835205 30
1741204504342 1.2887518405914307 31
1741204504343 1.2709088325500488 32
1741204504343 1.2589458227157593 33
1741204504344 1.242775797843933 34
1741204504344 1.2329559326171875 35
1741204504345 1.2137863636016846 36
1741204504345 1.2072904109954834 37
1741204504346 1.195733904838562 38
1741204504346 1.1857191324234009 39
1741204504347 1.1744154691696167 40
1741204504347 1.1684578657150269 41
1741204504348 1.1556891202926636 42
1741204504348 1.1464569568634033 43
1741204504349 1.1325595378875732 44
1741204504349 1.1245908737182617 45
1741204504349 1.116409420967102 46
1741204504350 1.1064295768737793 47
1741204504350 1.1025522947311401 48
1741204504351 1.0961579084396362 49
1741204504351 1.0829517841339111 50
1741204504352 1.0792744159698486 51
1741204504352 1.0715031623840332 52
1741204504353 1.0636887550354004 53
1741204504353 1.0530058145523071 54
1741204504354 1.048210620880127 55
1741204504354 1.0445122718811035 56
1741204504355 1.0345932245254517 57
1741204504355 1.033658742904663 58
1741204504356 1.025406837463379 59
1741204504356 1.0189226865768433 60
1741204504357 1.0214204788208008 61
1741204504357 1.0097198486328125 62
1741204504357 1.003219723701477 63
1741204504358 0.9994255900382996 64
1741204504358 0.9982991218566895 65
1741204504359 0.9877164959907532 66
1741204504359 0.9820759296417236 67
1741204504360 0.9783051013946533 68
1741204504360 0.9745178818702698 69
1741204504361 0.9641555547714233 70
1741204504361 0.9697113633155823 71
1741204504362 0.9567943215370178 72
1741204504362 0.954625129699707 73
1741204504363 0.9474257826805115 74
1741204504363 0.9503112435340881 75
1741204504364 0.9514972567558289 76
1741204504364 0.9353410601615906 77
1741204504364 0.9367284774780273 78
1741204504365 0.9388816952705383 79
1741204504365 0.9276614189147949 80
1741204504366 0.9275943636894226 81
1741204504366 0.9225732684135437 82
1741204504367 0.9082151055335999 83
1741204504367 0.9117797613143921 84
1741204504368 0.9139866828918457 85
1741204504368 0.90892094373703 86
1741204504369 0.9068963527679443 87
1741204504369 0.8998261094093323 88
1741204504370 0.9003762006759644 89
1741204504370 0.8945328593254089 90
1741204504370 0.8896650075912476 91
1741204504371 0.8888709545135498 92
1741204504371 0.8842228651046753 93
1741204504372 0.8830494284629822 94
1741204504372 0.8800725936889648 95
1741204504373 0.8674329519271851 96
1741204504373 0.8759075403213501 97
1741204504374 0.8707099556922913 98
1741204504374 0.8712340593338013 99
1741204504375 0.868643045425415 100
1741204504375 0.8669103980064392 101
1741204504376 0.8635107278823853 102
1741204504376 0.855598509311676 103
1741204504376 0.8544724583625793 104
1741204504377 0.8535919189453125 105
1741204504377 0.8577449321746826 106
1741204504378 0.8478811979293823 107
1741204504378 0.8502814173698425 108
1741204504379 0.8405166268348694 109
1741204504379 0.8466943502426147 110
1741204504380 0.8424988389015198 111
1741204504380 0.8373671174049377 112
1741204504381 0.8432636260986328 113
1741204504381 0.8391796946525574 114
1741204504382 0.8397108912467957 115
1741204504382 0.8268969058990479 116
1741204504383 0.827094316482544 117
1741204504383 0.8301038146018982 118
1741204504383 0.8228108286857605 119
1741204504384 0.8255599141120911 120
1741204504384 0.8210274577140808 121
1741204504385 0.8213182687759399 122
1741204504385 0.8231197595596313 123
1741204504386 0.8162355422973633 124
1741204504386 0.8163569569587708 125
1741204504387 0.8121024966239929 126
1741204504387 0.817568838596344 127
1741204504388 0.807334303855896 128
1741204504388 0.8158674836158752 129
1741204504389 0.800925076007843 130
1741204504389 0.8058164715766907 131
1741204504389 0.803092896938324 132
1741204504390 0.8012107014656067 133
1741204504390 0.7976198792457581 134
1741204504391 0.7980208396911621 135
1741204504391 0.798885703086853 136
1741204504392 0.798553466796875 137
1741204504392 0.7981199026107788 138
1741204504393 0.790137767791748 139
1741204504393 0.7900493741035461 140
1741204504394 0.7870309352874756 141
1741204504394 0.7866789698600769 142
1741204504395 0.7892637848854065 143
1741204504395 0.7921388745307922 144
1741204504395 0.7809605598449707 145
1741204504396 0.7857928276062012 146
1741204504396 0.7852867841720581 147
1741204504397 0.7787593603134155 148
1741204504397 0.7755405306816101 149
1741204504398 0.7764415144920349 150
1741204504398 0.7772367596626282 151
1741204504399 0.7736476063728333 152
1741204504399 0.7707560658454895 153
1741204504400 0.7727548480033875 154
1741204504400 0.7728392481803894 155
1741204504401 0.768064022064209 156
1741204504401 0.7656354308128357 157
1741204504401 0.766871452331543 158
1741204504402 0.7670193910598755 159
1741204504402 0.7653017640113831 160
1741204504403 0.7613248825073242 161
1741204504403 0.7620438933372498 162
1741204504404 0.7540847063064575 163
1741204504404 0.7654176354408264 164
1741204504405 0.7541120648384094 165
1741204504405 0.7572490572929382 166
1741204504406 0.7573952078819275 167
1741204504406 0.7585398554801941 168
1741204504407 0.7559528350830078 169
1741204504407 0.7558255791664124 170
1741204504408 0.7537561655044556 171
1741204504408 0.7542100548744202 172
1741204504409 0.7501192688941956 173
1741204504409 0.7471027970314026 174
1741204504409 0.7468375563621521 175
1741204504410 0.7494522929191589 176
1741204504410 0.7480751276016235 177
1741204504411 0.7413358688354492 178
1741204504411 0.742373526096344 179
1741204504412 0.744810163974762 180
1741204504412 0.7373278141021729 181
1741204504413 0.7415639162063599 182
1741204504413 0.7390977740287781 183
1741204504414 0.736323356628418 184
1741204504414 0.7365426421165466 185
1741204504415 0.7305569052696228 186
1741204504415 0.7371543049812317 187
1741204504415 0.7332249283790588 188
1741204504416 0.7350546717643738 189
1741204504416 0.7372369766235352 190
1741204504417 0.7350818514823914 191
1741204504417 0.7363687753677368 192
1741204504418 0.7288416028022766 193
1741204504418 0.7313616871833801 194
1741204504419 0.7260608673095703 195
1741204504419 0.733819842338562 196
1741204504420 0.7217605113983154 197
1741204504420 0.7295157313346863 198
1741204504420 0.7270445227622986 199
