1741204504327 0.06992968916893005 0
1741204504327 0.14149218797683716 1
1741204504328 0.21171875298023224 2
1741204504329 0.26753905415534973 3
1741204504329 0.31336718797683716 4
1741204504330 0.353390634059906 5
1741204504330 0.3818359375 6
1741204504331 0.4046562612056732 7
1741204504331 0.4257499873638153 8
1741204504332 0.44022655487060547 9
1741204504332 0.46089842915534973 10
1741204504333 0.47596874833106995 11
1741204504333 0.48630470037460327 12
1741204504334 0.5012578368186951 13
1741204504334 0.5077499747276306 14
1741204504335 0.519335925579071 15
1741204504335 0.5287734270095825 16
1741204504336 0.5379062294960022 17
1741204504336 0.546218752861023 18
1741204504337 0.5523359179496765 19
1741204504337 0.5587343573570251 20
1741204504338 0.5667421817779541 21
1741204504338 0.5742343664169312 22
1741204504339 0.5788906216621399 23
1741204504339 0.5851406455039978 24
1741204504340 0.5929140448570251 25
1741204504340 0.5970468521118164 26
1741204504341 0.6019687652587891 27
1741204504341 0.6069687604904175 28
1741204504341 0.6138984560966492 29
1741204504342 0.6152421832084656 30
1741204504342 0.6204531192779541 31
1741204504343 0.6266640424728394 32
1741204504343 0.6311171650886536 33
1741204504344 0.635367214679718 34
1741204504344 0.6383984088897705 35
1741204504345 0.6428828239440918 36
1741204504345 0.6450155973434448 37
1741204504346 0.6502031087875366 38
1741204504346 0.6515781283378601 39
1741204504347 0.6569296717643738 40
1741204504347 0.6581093668937683 41
1741204504348 0.6622499823570251 42
1741204504348 0.6655781269073486 43
1741204504349 0.6691640615463257 44
1741204504349 0.6711093783378601 45
1741204504349 0.6736249923706055 46
1741204504350 0.677484393119812 47
1741204504350 0.6792031526565552 48
1741204504351 0.6803671717643738 49
1741204504351 0.6842265725135803 50
1741204504352 0.6856796741485596 51
1741204504352 0.6885156035423279 52
1741204504353 0.6895703077316284 53
1741204504353 0.6910625100135803 54
1741204504354 0.6933749914169312 55
1741204504354 0.6965859532356262 56
1741204504355 0.6969843506813049 57
1741204504355 0.6995781064033508 58
1741204504356 0.7018203139305115 59
1741204504356 0.7015859484672546 60
1741204504357 0.7029218673706055 61
1741204504357 0.7060937285423279 62
1741204504357 0.707882821559906 63
1741204504358 0.7099687457084656 64
1741204504358 0.7113046646118164 65
1741204504359 0.7124062776565552 66
1741204504359 0.7131249904632568 67
1741204504360 0.7167421579360962 68
1741204504360 0.7173905968666077 69
1741204504361 0.719124972820282 70
1741204504361 0.718945324420929 71
1741204504362 0.7219921946525574 72
1741204504362 0.720507800579071 73
1741204504363 0.7256093621253967 74
1741204504363 0.7248203158378601 75
1741204504364 0.7233672142028809 76
1741204504364 0.7282109260559082 77
1741204504364 0.7261406183242798 78
1741204504365 0.7291250228881836 79
1741204504365 0.7286249995231628 80
1741204504366 0.7293437719345093 81
1741204504366 0.7316172122955322 82
1741204504367 0.7363593578338623 83
1741204504367 0.7358202934265137 84
1741204504368 0.7338906526565552 85
1741204504368 0.7371640801429749 86
1741204504369 0.736578106880188 87
1741204504369 0.7382968664169312 88
1741204504370 0.7384843826293945 89
1741204504370 0.7415546774864197 90
1741204504370 0.7409843802452087 91
1741204504371 0.7423359155654907 92
1741204504371 0.741992175579071 93
1741204504372 0.7423593997955322 94
1741204504372 0.7438828349113464 95
1741204504373 0.7470155954360962 96
1741204504373 0.7463281154632568 97
1741204504374 0.7480859160423279 98
1741204504374 0.7467265725135803 99
1741204504375 0.747796893119812 100
1741204504375 0.7490859627723694 101
1741204504376 0.7494999766349792 102
1741204504376 0.7519218921661377 103
1741204504376 0.7525312304496765 104
1741204504377 0.7527421712875366 105
1741204504377 0.7520546913146973 106
1741204504378 0.7536406517028809 107
1741204504378 0.7538203001022339 108
1741204504379 0.7561406493186951 109
1741204504379 0.7541875243186951 110
1741204504380 0.7544843554496765 111
1741204504380 0.7572890520095825 112
1741204504381 0.7550937533378601 113
1741204504381 0.7560312747955322 114
1741204504382 0.7573281526565552 115
1741204504382 0.7593827843666077 116
1741204504383 0.7604062557220459 117
1741204504383 0.7598203420639038 118
1741204504383 0.7617968916893005 119
1741204504384 0.7602578401565552 120
1741204504384 0.7617031335830688 121
1741204504385 0.7627968788146973 122
1741204504385 0.7616328001022339 123
1741204504386 0.7633437514305115 124
1741204504386 0.7617499828338623 125
1741204504387 0.7649531364440918 126
1741204504387 0.762820303440094 127
1741204504388 0.7659921646118164 128
1741204504388 0.7639999985694885 129
1741204504389 0.7664453387260437 130
1741204504389 0.767257809638977 131
1741204504389 0.7666093707084656 132
1741204504390 0.7669062614440918 133
1741204504390 0.7690156102180481 134
1741204504391 0.7690703272819519 135
1741204504391 0.7692656517028809 136
1741204504392 0.7687656283378601 137
1741204504392 0.7689843773841858 138
1741204504393 0.7702343463897705 139
1741204504393 0.7718984484672546 140
1741204504394 0.7715625166893005 141
1741204504394 0.7714687585830688 142
1741204504395 0.7714921832084656 143
1741204504395 0.7700312733650208 144
1741204504395 0.7734140753746033 145
1741204504396 0.7718359231948853 146
1741204504396 0.7724843621253967 147
1741204504397 0.7750077843666077 148
1741204504397 0.7757187485694885 149
1741204504398 0.7735156416893005 150
1741204504398 0.7759374976158142 151
1741204504399 0.7752578258514404 152
1741204504399 0.7774453163146973 153
1741204504400 0.7765077948570251 154
1741204504400 0.7765781283378601 155
1741204504401 0.7768046855926514 156
1741204504401 0.7787343859672546 157
1741204504401 0.7799765467643738 158
1741204504402 0.7784765362739563 159
1741204504402 0.7777890563011169 160
1741204504403 0.7780312299728394 161
1741204504403 0.7798593640327454 162
1741204504404 0.7801718711853027 163
1741204504404 0.7792031168937683 164
1741204504405 0.7814765572547913 165
1741204504405 0.7815625071525574 166
1741204504406 0.7804453372955322 167
1741204504406 0.7799921631813049 168
1741204504407 0.7810859084129333 169
1741204504407 0.7814297080039978 170
1741204504408 0.7810390591621399 171
1741204504408 0.7811874747276306 172
1741204504409 0.7827109098434448 173
1741204504409 0.78515625 174
1741204504409 0.7851328253746033 175
1741204504410 0.7844062447547913 176
1741204504410 0.7833593487739563 177
1741204504411 0.7849843502044678 178
1741204504411 0.7830156087875366 179
1741204504412 0.7856718897819519 180
1741204504412 0.7856093645095825 181
1741204504413 0.7846171855926514 182
1741204504413 0.7863593697547913 183
1741204504414 0.7873906493186951 184
1741204504414 0.7888359427452087 185
1741204504415 0.7899453043937683 186
1741204504415 0.7856015563011169 187
1741204504415 0.7876250147819519 188
1741204504416 0.785937488079071 189
1741204504416 0.7881327867507935 190
1741204504417 0.7881171703338623 191
1741204504417 0.7880781292915344 192
1741204504418 0.7885781526565552 193
1741204504418 0.7883124947547913 194
1741204504419 0.7893359661102295 195
1741204504419 0.7879921793937683 196
1741204504420 0.7903125286102295 197
1741204504420 0.7900312542915344 198
1741204504420 0.7897655963897705 199
