1741045234835 0.028437500819563866 0
1741045234836 0.04046874865889549 1
1741045234837 0.04500000178813934 2
1741045234837 0.05640624836087227 3
1741045234837 0.062187500298023224 4
1741045234838 0.07421875 5
1741045234838 0.0846875011920929 6
1741045234839 0.09359374642372131 7
1741045234839 0.09624999761581421 8
1741045234840 0.10906250029802322 9
1741045234840 0.11078125238418579 10
1741045234840 0.10953125357627869 11
1741045234841 0.11874999850988388 12
1741045234841 0.12890625 13
1741045234842 0.12531250715255737 14
1741045234842 0.13359375298023224 15
1741045234843 0.14546875655651093 16
1741045234843 0.15234375 17
1741045234843 0.14531250298023224 18
1741045234844 0.15062500536441803 19
1741045234844 0.15437500178813934 20
1741045234845 0.1626562476158142 21
1741045234845 0.16500000655651093 22
1741045234845 0.16875000298023224 23
1741045234846 0.1720312535762787 24
