1741045234835 4.209700107574463 0
1741045234836 3.797869920730591 1
1741045234837 3.7514350414276123 2
1741045234837 3.7137439250946045 3
1741045234837 3.6931679248809814 4
1741045234838 3.653796911239624 5
1741045234838 3.617465019226074 6
1741045234839 3.585475444793701 7
1741045234839 3.570749521255493 8
1741045234840 3.5334439277648926 9
1741045234840 3.5051000118255615 10
1741045234840 3.4741668701171875 11
1741045234841 3.4618008136749268 12
1741045234841 3.4362633228302 13
1741045234842 3.4122283458709717 14
1741045234842 3.3880045413970947 15
1741045234843 3.3537967205047607 16
1741045234843 3.3433141708374023 17
1741045234843 3.3209917545318604 18
1741045234844 3.311354160308838 19
1741045234844 3.302927017211914 20
1741045234845 3.255444049835205 21
1741045234845 3.244596004486084 22
1741045234845 3.213545799255371 23
1741045234846 3.209561824798584 24
