1741130607793 0.10688281059265137 0
1741130607793 0.22325000166893005 1
1741130607794 0.31117188930511475 2
1741130607794 0.37236717343330383 3
1741130607795 0.4149218797683716 4
1741130607795 0.44600000977516174 5
1741130607796 0.47141405940055847 6
1741130607796 0.49003124237060547 7
1741130607797 0.5091484189033508 8
1741130607797 0.5255390405654907 9
1741130607797 0.535882830619812 10
1741130607798 0.5468359589576721 11
1741130607798 0.5590000152587891 12
1741130607799 0.5691640377044678 13
1741130607799 0.5759921669960022 14
1741130607800 0.582406222820282 15
1741130607800 0.5892734527587891 16
1741130607800 0.5958828330039978 17
1741130607801 0.5987969040870667 18
1741130607801 0.6066484451293945 19
1741130607802 0.6125312447547913 20
1741130607802 0.6160390377044678 21
1741130607803 0.6181328296661377 22
1741130607803 0.6235156059265137 23
1741130607803 0.6271172165870667 24
1741130607804 0.6327577829360962 25
1741130607804 0.6338750123977661 26
1741130607805 0.6350077986717224 27
1741130607805 0.6384375095367432 28
1741130607805 0.6417109370231628 29
1741130607806 0.6466405987739563 30
1741130607806 0.6463359594345093 31
1741130607807 0.6492734551429749 32
1741130607807 0.6494218707084656 33
1741130607808 0.6547890901565552 34
1741130607808 0.6548125147819519 35
1741130607808 0.6588671803474426 36
1741130607809 0.6625624895095825 37
1741130607809 0.6609296798706055 38
1741130607810 0.662039041519165 39
1741130607810 0.6656796932220459 40
1741130607810 0.666921854019165 41
1741130607811 0.6664062738418579 42
1741130607811 0.6704999804496765 43
1741130607812 0.6695390343666077 44
1741130607812 0.6713359355926514 45
1741130607812 0.6758359670639038 46
1741130607813 0.6726328134536743 47
1741130607813 0.6759218573570251 48
1741130607814 0.6791406273841858 49
1741130607814 0.6782578229904175 50
1741130607815 0.6792265772819519 51
1741130607815 0.6787187457084656 52
1741130607815 0.6801797151565552 53
1741130607816 0.6843671798706055 54
1741130607816 0.6834062337875366 55
1741130607817 0.6852031350135803 56
1741130607817 0.6866406202316284 57
1741130607817 0.6883906126022339 58
1741130607818 0.6889687776565552 59
1741130607818 0.6859843730926514 60
1741130607819 0.6911406517028809 61
1741130607819 0.6889765858650208 62
1741130607820 0.6919999718666077 63
1741130607820 0.6928515434265137 64
1741130607820 0.6921952962875366 65
1741130607821 0.694710910320282 66
1741130607821 0.6972265839576721 67
1741130607822 0.6953359246253967 68
1741130607822 0.6950547099113464 69
1741130607822 0.6962890625 70
1741130607823 0.7004062533378601 71
1741130607823 0.7006875276565552 72
1741130607824 0.698492169380188 73
1741130607824 0.6992499828338623 74
1741130607824 0.6987968683242798 75
1741130607825 0.703125 76
1741130607825 0.7007656097412109 77
1741130607826 0.7030078172683716 78
1741130607826 0.7045702934265137 79
1741130607826 0.7033984661102295 80
1741130607827 0.7034687399864197 81
1741130607827 0.7064140439033508 82
1741130607828 0.7043046951293945 83
1741130607828 0.7046562433242798 84
1741130607828 0.7062656283378601 85
1741130607829 0.7065937519073486 86
1741130607829 0.7063281536102295 87
1741130607830 0.7065390348434448 88
1741130607830 0.7090077996253967 89
1741130607831 0.7087265849113464 90
1741130607831 0.706960916519165 91
1741130607831 0.7108827829360962 92
1741130607832 0.7079452872276306 93
1741130607832 0.7111796736717224 94
1741130607833 0.7109609246253967 95
1741130607833 0.7126250267028809 96
1741130607833 0.711187481880188 97
1741130607834 0.7111250162124634 98
1741130607834 0.7131171822547913 99
1741130607835 0.7144922018051147 100
1741130607835 0.7151406407356262 101
1741130607835 0.7152578234672546 102
1741130607836 0.7157734632492065 103
1741130607836 0.7136484384536743 104
1741130607837 0.7162031531333923 105
1741130607837 0.7152890563011169 106
1741130607837 0.7149296998977661 107
1741130607838 0.7189062237739563 108
1741130607838 0.7148047089576721 109
1741130607839 0.7177734375 110
1741130607839 0.7164453268051147 111
1741130607839 0.7165547013282776 112
1741130607840 0.7169452905654907 113
1741130607840 0.7185390591621399 114
1741130607841 0.7181953191757202 115
1741130607841 0.7187031507492065 116
1741130607842 0.7182968854904175 117
1741130607842 0.7188906073570251 118
1741130607842 0.7209374904632568 119
1741130607843 0.7198906540870667 120
1741130607843 0.7199375033378601 121
1741130607844 0.7212109565734863 122
1741130607844 0.7201640605926514 123
1741130607844 0.7217187285423279 124
1741130607845 0.7223671674728394 125
1741130607845 0.7212343811988831 126
1741130607846 0.7221406102180481 127
1741130607846 0.7229999899864197 128
1741130607846 0.7224140763282776 129
1741130607847 0.7221484184265137 130
1741130607847 0.7234765887260437 131
1741130607848 0.7240703105926514 132
1741130607848 0.7228046655654907 133
1741130607848 0.7244374752044678 134
1741130607849 0.7265781164169312 135
1741130607849 0.7273046970367432 136
1741130607850 0.7262031435966492 137
1741130607850 0.7245156168937683 138
1741130607850 0.7261406183242798 139
1741130607851 0.7258203029632568 140
1741130607851 0.7266640663146973 141
1741130607852 0.7286562323570251 142
1741130607852 0.7287421822547913 143
1741130607852 0.7268202900886536 144
1741130607853 0.7268202900886536 145
1741130607853 0.7289375066757202 146
1741130607854 0.7292265892028809 147
1741130607854 0.7254687547683716 148
1741130607854 0.728265643119812 149
1741130607855 0.7268437743186951 150
1741130607855 0.7298203110694885 151
1741130607856 0.7293046712875366 152
1741130607856 0.7282031178474426 153
1741130607856 0.7288827896118164 154
1741130607857 0.7288671731948853 155
1741130607857 0.7331171631813049 156
1741130607858 0.730398416519165 157
1741130607858 0.7299062609672546 158
1741130607858 0.7325937747955322 159
1741130607859 0.7311640381813049 160
1741130607859 0.7303359508514404 161
1741130607860 0.7310781478881836 162
1741130607860 0.7324531078338623 163
1741130607860 0.7304765582084656 164
1741130607861 0.7325780987739563 165
1741130607861 0.7323437333106995 166
1741130607862 0.7325078248977661 167
1741130607862 0.732796847820282 168
1741130607863 0.7324765920639038 169
1741130607863 0.7331718802452087 170
1741130607863 0.7321562767028809 171
1741130607864 0.7371484637260437 172
1741130607864 0.7353671789169312 173
1741130607865 0.7332343459129333 174
1741130607865 0.7344531416893005 175
1741130607865 0.7362499833106995 176
1741130607866 0.7319375276565552 177
1741130607866 0.7375859618186951 178
1741130607867 0.7367343902587891 179
1741130607867 0.7368281483650208 180
1741130607867 0.7356796860694885 181
1741130607868 0.7359687685966492 182
1741130607868 0.737500011920929 183
1741130607869 0.7362499833106995 184
1741130607869 0.736453115940094 185
1741130607869 0.7371562719345093 186
1741130607870 0.736132800579071 187
1741130607870 0.7365000247955322 188
1741130607871 0.7367890477180481 189
1741130607871 0.7364374995231628 190
1741130607871 0.7359140515327454 191
1741130607872 0.7360546588897705 192
1741130607872 0.7385156154632568 193
1741130607873 0.7380625009536743 194
1741130607873 0.7382500171661377 195
1741130607873 0.7380546927452087 196
1741130607874 0.7394140362739563 197
1741130607874 0.7348593473434448 198
1741130607875 0.7395859360694885 199
1741130607875 0.7385625243186951 200
1741130607875 0.7388437390327454 201
1741130607876 0.7382578253746033 202
1741130607876 0.7404999732971191 203
1741130607877 0.7416015863418579 204
1741130607877 0.7409140467643738 205
1741130607877 0.7418593764305115 206
1741130607878 0.7385937571525574 207
1741130607878 0.7402109503746033 208
1741130607879 0.7433437705039978 209
1741130607879 0.739187479019165 210
1741130607879 0.7419765591621399 211
1741130607880 0.7400859594345093 212
1741130607880 0.740429699420929 213
1741130607881 0.7417656183242798 214
1741130607881 0.7437890768051147 215
1741130607881 0.7400546669960022 216
1741130607882 0.7417031526565552 217
1741130607882 0.7417109608650208 218
1741130607883 0.7435859441757202 219
1741130607883 0.7415468692779541 220
1741130607883 0.7420703172683716 221
1741130607884 0.7420468926429749 222
1741130607884 0.7428281307220459 223
1741130607885 0.7435781359672546 224
1741130607885 0.7441015839576721 225
1741130607885 0.7427656054496765 226
1741130607886 0.742968738079071 227
1741130607886 0.7436797022819519 228
1741130607887 0.7436171770095825 229
1741130607887 0.7430859208106995 230
1741130607888 0.7438125014305115 231
1741130607888 0.7424687743186951 232
1741130607888 0.744140625 233
1741130607889 0.746164083480835 234
1741130607889 0.7470155954360962 235
1741130607889 0.7433984279632568 236
1741130607890 0.7444218993186951 237
1741130607890 0.745437502861023 238
1741130607891 0.7443437576293945 239
1741130607891 0.7439765334129333 240
1741130607891 0.7454765439033508 241
1741130607892 0.7434921860694885 242
1741130607892 0.7461562752723694 243
1741130607893 0.7449765801429749 244
1741130607893 0.7456874847412109 245
1741130607893 0.7452812790870667 246
1741130607894 0.7453359365463257 247
1741130607894 0.7451640367507935 248
1741130607895 0.7455234527587891 249
1741130607895 0.7472109198570251 250
1741130607896 0.7457422018051147 251
1741130607896 0.7456562519073486 252
1741130607896 0.7468984127044678 253
1741130607897 0.7477343678474426 254
1741130607897 0.7483437657356262 255
1741130607898 0.7462734580039978 256
1741130607898 0.7481796741485596 257
1741130607898 0.7466171979904175 258
1741130607899 0.7492578029632568 259
1741130607899 0.7447734475135803 260
1741130607900 0.7485156059265137 261
1741130607900 0.7474296689033508 262
1741130607900 0.7472265362739563 263
1741130607901 0.7494609355926514 264
1741130607901 0.7471796870231628 265
1741130607902 0.7466328144073486 266
1741130607902 0.7481015920639038 267
1741130607902 0.7505078315734863 268
1741130607903 0.7470468878746033 269
1741130607903 0.7509297132492065 270
1741130607904 0.7486405968666077 271
1741130607904 0.747671902179718 272
1741130607904 0.7509297132492065 273
1741130607905 0.750124990940094 274
1741130607905 0.7487265467643738 275
1741130607906 0.7512031197547913 276
1741130607906 0.7506328225135803 277
1741130607906 0.7512343525886536 278
1741130607907 0.7523437738418579 279
1741130607907 0.7501875162124634 280
1741130607908 0.7521640658378601 281
1741130607908 0.7524062395095825 282
1741130607908 0.7495390772819519 283
1741130607909 0.7510937452316284 284
1741130607909 0.7500078082084656 285
1741130607910 0.7496484518051147 286
1741130607910 0.7518359422683716 287
1741130607911 0.7505546808242798 288
1741130607911 0.7508359551429749 289
1741130607911 0.7502734661102295 290
1741130607912 0.7525937557220459 291
1741130607912 0.7512500286102295 292
1741130607913 0.7509375214576721 293
1741130607913 0.7517734169960022 294
1741130607913 0.7506484389305115 295
1741130607914 0.7515937685966492 296
1741130607914 0.7524843811988831 297
1741130607915 0.7527655959129333 298
1741130607915 0.7532265782356262 299
1741130607915 0.7515234351158142 300
1741130607916 0.7514062523841858 301
1741130607916 0.7527812719345093 302
1741130607917 0.7524687647819519 303
1741130607917 0.7510781288146973 304
1741130607917 0.7551484107971191 305
1741130607918 0.7533671855926514 306
1741130607918 0.7531952857971191 307
1741130607919 0.7523124814033508 308
1741130607919 0.7518359422683716 309
1741130607919 0.7542187571525574 310
1741130607920 0.7528984546661377 311
1741130607920 0.7527968883514404 312
1741130607921 0.753585934638977 313
1741130607921 0.7553750276565552 314
1741130607921 0.7536718845367432 315
1741130607922 0.7558749914169312 316
1741130607922 0.7558749914169312 317
1741130607923 0.7531718611717224 318
1741130607923 0.7527890801429749 319
1741130607923 0.7559062242507935 320
1741130607924 0.7551562786102295 321
1741130607924 0.7532968521118164 322
1741130607925 0.7556250095367432 323
1741130607925 0.7555468678474426 324
1741130607925 0.7547812461853027 325
1741130607926 0.7566640377044678 326
1741130607926 0.7544999718666077 327
1741130607927 0.7551171779632568 328
1741130607927 0.7552890777587891 329
1741130607927 0.7545234560966492 330
1741130607928 0.7594609260559082 331
1741130607928 0.7549687623977661 332
1741130607929 0.7566797137260437 333
1741130607929 0.7570468783378601 334
1741130607929 0.7567734122276306 335
1741130607930 0.7553515434265137 336
1741130607930 0.7582656145095825 337
1741130607931 0.7567343711853027 338
1741130607931 0.7567343711853027 339
1741130607931 0.7574062347412109 340
1741130607932 0.7565312385559082 341
1741130607932 0.7565624713897705 342
1741130607932 0.756710946559906 343
1741130607933 0.7577265501022339 344
1741130607933 0.7564530968666077 345
1741130607934 0.7554609179496765 346
1741130607934 0.7567421793937683 347
1741130607935 0.7581484317779541 348
1741130607935 0.756515622138977 349
1741130607935 0.759570300579071 350
1741130607936 0.7580390572547913 351
1741130607936 0.7564218640327454 352
1741130607936 0.7596328258514404 353
1741130607937 0.7601484656333923 354
1741130607937 0.7589921951293945 355
1741130607938 0.7575234174728394 356
1741130607938 0.7596718668937683 357
1741130607938 0.7599375247955322 358
1741130607939 0.7587656378746033 359
1741130607939 0.758187472820282 360
1741130607940 0.7574843764305115 361
1741130607940 0.7589296698570251 362
1741130607940 0.7589374780654907 363
1741130607941 0.7565390467643738 364
1741130607941 0.759890615940094 365
1741130607942 0.7579531073570251 366
1741130607942 0.7585077881813049 367
1741130607943 0.7603124976158142 368
1741130607943 0.7594062685966492 369
1741130607943 0.7589374780654907 370
1741130607944 0.7602578401565552 371
1741130607944 0.7615625262260437 372
1741130607944 0.7583906054496765 373
1741130607945 0.7590468525886536 374
1741130607945 0.760015606880188 375
1741130607946 0.7627031207084656 376
1741130607946 0.7598046660423279 377
1741130607946 0.7616562247276306 378
1741130607947 0.7579765915870667 379
1741130607947 0.7629843950271606 380
1741130607948 0.7596874833106995 381
1741130607948 0.7616093754768372 382
1741130607948 0.7600625157356262 383
1741130607949 0.7596562504768372 384
1741130607949 0.7597422003746033 385
1741130607950 0.7613906264305115 386
1741130607950 0.7636406421661377 387
1741130607950 0.7621562480926514 388
1741130607951 0.7631093859672546 389
1741130607951 0.7622734308242798 390
1741130607952 0.7639140486717224 391
1741130607952 0.7608437538146973 392
1741130607952 0.7602421641349792 393
1741130607953 0.762320339679718 394
1741130607953 0.7625859379768372 395
1741130607954 0.7619296908378601 396
1741130607954 0.7638280987739563 397
1741130607954 0.7625468969345093 398
1741130607955 0.7616328001022339 399
1741130607955 0.7607812285423279 400
1741130607956 0.7610859274864197 401
1741130607956 0.7620859146118164 402
1741130607956 0.7601015567779541 403
1741130607957 0.7643359303474426 404
1741130607957 0.762445330619812 405
1741130607958 0.7651171684265137 406
1741130607958 0.7631875276565552 407
1741130607958 0.763546884059906 408
1741130607959 0.7625547051429749 409
1741130607959 0.763421893119812 410
1741130607960 0.7629531025886536 411
1741130607960 0.762820303440094 412
1741130607960 0.7636874914169312 413
1741130607961 0.761117160320282 414
1741130607961 0.7628437280654907 415
1741130607962 0.7622890472412109 416
1741130607962 0.7645390629768372 417
1741130607962 0.7647812366485596 418
1741130607963 0.7638437747955322 419
1741130607963 0.7639140486717224 420
1741130607964 0.7632890343666077 421
1741130607964 0.765820324420929 422
1741130607964 0.7637656331062317 423
1741130607965 0.7643828392028809 424
1741130607965 0.7643203139305115 425
1741130607966 0.7650703191757202 426
1741130607966 0.7636484503746033 427
1741130607966 0.7635312676429749 428
1741130607967 0.7640547156333923 429
1741130607967 0.763671875 430
1741130607968 0.7630781531333923 431
1741130607968 0.7652656435966492 432
1741130607968 0.7661562561988831 433
1741130607969 0.7629687786102295 434
1741130607969 0.7632187604904175 435
1741130607970 0.7654374837875366 436
1741130607970 0.7648671865463257 437
1741130607970 0.7668750286102295 438
1741130607971 0.7627968788146973 439
1741130607971 0.7647031545639038 440
1741130607972 0.7651093602180481 441
1741130607972 0.7639999985694885 442
1741130607972 0.7630859613418579 443
1741130607973 0.7654922008514404 444
1741130607973 0.7643749713897705 445
1741130607974 0.7656406164169312 446
1741130607974 0.764523446559906 447
1741130607974 0.7645156383514404 448
1741130607975 0.7647343873977661 449
1741130607975 0.7668671607971191 450
1741130607976 0.7662500143051147 451
1741130607976 0.765250027179718 452
1741130607976 0.7659921646118164 453
1741130607977 0.766976535320282 454
1741130607977 0.7662031054496765 455
1741130607978 0.7668203115463257 456
1741130607978 0.7656875252723694 457
1741130607978 0.7654218673706055 458
1741130607979 0.7687343955039978 459
1741130607979 0.7651718854904175 460
1741130607980 0.7672343850135803 461
1741130607980 0.7666953206062317 462
1741130607980 0.7650703191757202 463
1741130607981 0.7674609422683716 464
1741130607981 0.7639843821525574 465
1741130607982 0.7659375071525574 466
1741130607982 0.767828106880188 467
1741130607982 0.7645468711853027 468
1741130607983 0.7680000066757202 469
1741130607983 0.7666797041893005 470
1741130607984 0.7667187452316284 471
1741130607984 0.7672812342643738 472
1741130607984 0.766476571559906 473
1741130607985 0.7684218883514404 474
1741130607985 0.7675312757492065 475
1741130607986 0.7648515701293945 476
1741130607986 0.7677422165870667 477
1741130607986 0.7698984146118164 478
1741130607987 0.764843761920929 479
1741130607987 0.7679921984672546 480
1741130607988 0.7692421674728394 481
1741130607988 0.7677109241485596 482
1741130607988 0.7691406011581421 483
1741130607989 0.7662734389305115 484
1741130607989 0.7701484560966492 485
1741130607990 0.7676640748977661 486
1741130607990 0.7682109475135803 487
1741130607990 0.767578125 488
1741130607991 0.768484354019165 489
1741130607991 0.767898440361023 490
1741130607992 0.7697343826293945 491
1741130607992 0.7670390605926514 492
1741130607992 0.7685468792915344 493
1741130607993 0.7676406502723694 494
1741130607993 0.767773449420929 495
1741130607994 0.7690937519073486 496
1741130607994 0.7685390710830688 497
1741130607994 0.769601583480835 498
1741130607995 0.7703046798706055 499
