1741130607793 3.4965078830718994 0
1741130607793 2.8972344398498535 1
1741130607794 2.527850866317749 2
1741130607794 2.285449266433716 3
1741130607795 2.1257266998291016 4
1741130607795 2.007575273513794 5
1741130607796 1.9138085842132568 6
1741130607796 1.8470935821533203 7
1741130607797 1.7765772342681885 8
1741130607797 1.7285536527633667 9
1741130607797 1.6853150129318237 10
1741130607798 1.6386343240737915 11
1741130607798 1.5986768007278442 12
1741130607799 1.5664602518081665 13
1741130607799 1.5421502590179443 14
1741130607800 1.515891671180725 15
1741130607800 1.4965295791625977 16
1741130607800 1.4707082509994507 17
1741130607801 1.4575893878936768 18
1741130607801 1.439240574836731 19
1741130607802 1.4138495922088623 20
1741130607802 1.4014301300048828 21
1741130607803 1.3877618312835693 22
1741130607803 1.374922513961792 23
1741130607803 1.368557333946228 24
1741130607804 1.3455411195755005 25
1741130607804 1.3376615047454834 26
1741130607805 1.3360732793807983 27
1741130607805 1.326465368270874 28
1741130607805 1.3131340742111206 29
1741130607806 1.2934269905090332 30
1741130607806 1.2951668500900269 31
1741130607807 1.284073829650879 32
1741130607807 1.2820971012115479 33
1741130607808 1.2650691270828247 34
1741130607808 1.2692883014678955 35
1741130607808 1.2587429285049438 36
1741130607809 1.2407886981964111 37
1741130607809 1.2413917779922485 38
1741130607810 1.2409917116165161 39
1741130607810 1.2274011373519897 40
1741130607810 1.2261979579925537 41
1741130607811 1.22188138961792 42
1741130607811 1.211180329322815 43
1741130607812 1.2172234058380127 44
1741130607812 1.2017053365707397 45
1741130607812 1.1946160793304443 46
1741130607813 1.1975549459457397 47
1741130607813 1.1905103921890259 48
1741130607814 1.1805585622787476 49
1741130607814 1.1787797212600708 50
1741130607815 1.1786527633666992 51
1741130607815 1.176870346069336 52
1741130607815 1.1715353727340698 53
1741130607816 1.163333773612976 54
1741130607816 1.1654947996139526 55
1741130607817 1.1600239276885986 56
1741130607817 1.1549639701843262 57
1741130607817 1.148743748664856 58
1741130607818 1.1481930017471313 59
1741130607818 1.1494747400283813 60
1741130607819 1.1399623155593872 61
1741130607819 1.1421722173690796 62
1741130607820 1.1364253759384155 63
1741130607820 1.1338715553283691 64
1741130607820 1.1352850198745728 65
1741130607821 1.1256953477859497 66
1741130607821 1.1227904558181763 67
1741130607822 1.1175024509429932 68
1741130607822 1.120712399482727 69
1741130607822 1.1173076629638672 70
1741130607823 1.1092031002044678 71
1741130607823 1.1075551509857178 72
1741130607824 1.1128004789352417 73
1741130607824 1.1075462102890015 74
1741130607824 1.1092734336853027 75
1741130607825 1.099153757095337 76
1741130607825 1.098331332206726 77
1741130607826 1.0930330753326416 78
1741130607826 1.0915889739990234 79
1741130607826 1.0908335447311401 80
1741130607827 1.0943838357925415 81
1741130607827 1.0856027603149414 82
1741130607828 1.0896698236465454 83
1741130607828 1.0827337503433228 84
1741130607828 1.0843366384506226 85
1741130607829 1.0799837112426758 86
1741130607829 1.0814391374588013 87
1741130607830 1.0824086666107178 88
1741130607830 1.0739569664001465 89
1741130607831 1.0759812593460083 90
1741130607831 1.0804557800292969 91
1741130607831 1.0689278841018677 92
1741130607832 1.0743815898895264 93
1741130607832 1.0644320249557495 94
1741130607833 1.0705275535583496 95
1741130607833 1.0691521167755127 96
1741130607833 1.0594980716705322 97
1741130607834 1.0638068914413452 98
1741130607834 1.064871072769165 99
1741130607835 1.0587748289108276 100
1741130607835 1.0559744834899902 101
1741130607835 1.050093173980713 102
1741130607836 1.0526258945465088 103
1741130607836 1.0617748498916626 104
1741130607837 1.050126314163208 105
1741130607837 1.0488888025283813 106
1741130607837 1.0506501197814941 107
1741130607838 1.044345736503601 108
1741130607838 1.0531386137008667 109
1741130607839 1.0439950227737427 110
1741130607839 1.0498957633972168 111
1741130607839 1.0481266975402832 112
1741130607840 1.0503168106079102 113
1741130607840 1.0417560338974 114
1741130607841 1.0407087802886963 115
1741130607841 1.0412651300430298 116
1741130607842 1.0414669513702393 117
1741130607842 1.0400232076644897 118
1741130607842 1.0351371765136719 119
1741130607843 1.0378856658935547 120
1741130607843 1.0315262079238892 121
1741130607844 1.028942346572876 122
1741130607844 1.0380967855453491 123
1741130607844 1.0321236848831177 124
1741130607845 1.0304707288742065 125
1741130607845 1.0300884246826172 126
1741130607846 1.028508186340332 127
1741130607846 1.0293537378311157 128
1741130607846 1.023376703262329 129
1741130607847 1.029819369316101 130
1741130607847 1.0244373083114624 131
1741130607848 1.0231846570968628 132
1741130607848 1.021501898765564 133
1741130607848 1.0202052593231201 134
1741130607849 1.0113725662231445 135
1741130607849 1.0153621435165405 136
1741130607850 1.013506293296814 137
1741130607850 1.0202341079711914 138
1741130607850 1.0191709995269775 139
1741130607851 1.0127393007278442 140
1741130607851 1.0167171955108643 141
1741130607852 1.0099663734436035 142
1741130607852 1.00733482837677 143
1741130607852 1.011831521987915 144
1741130607853 1.0082792043685913 145
1741130607853 1.0074796676635742 146
1741130607854 1.0066149234771729 147
1741130607854 1.008790135383606 148
1741130607854 1.0113798379898071 149
1741130607855 1.0067501068115234 150
1741130607855 0.9973723292350769 151
1741130607856 1.0036742687225342 152
1741130607856 1.0079655647277832 153
1741130607856 1.0096830129623413 154
1741130607857 1.004291296005249 155
1741130607857 0.988395631313324 156
1741130607858 1.0029810667037964 157
1741130607858 1.0031330585479736 158
1741130607858 0.9966526031494141 159
1741130607859 0.9938750267028809 160
1741130607859 0.9972885847091675 161
1741130607860 0.995035707950592 162
1741130607860 0.9948770403862 163
1741130607860 1.002992033958435 164
1741130607861 0.9934026598930359 165
1741130607861 0.9926021099090576 166
1741130607862 0.9911481738090515 167
1741130607862 0.9950526356697083 168
1741130607863 0.993844211101532 169
1741130607863 0.9847193956375122 170
1741130607863 0.9910569190979004 171
1741130607864 0.9823972582817078 172
1741130607864 0.9852942228317261 173
1741130607865 0.9913777709007263 174
1741130607865 0.9830567836761475 175
1741130607865 0.9845631718635559 176
1741130607866 0.9906957745552063 177
1741130607866 0.9836969971656799 178
1741130607867 0.9852616190910339 179
1741130607867 0.9765322804450989 180
1741130607867 0.9858856201171875 181
1741130607868 0.9854482412338257 182
1741130607868 0.9757413268089294 183
1741130607869 0.9786006808280945 184
1741130607869 0.976394772529602 185
1741130607869 0.981603741645813 186
1741130607870 0.9769761562347412 187
1741130607870 0.9799944162368774 188
1741130607871 0.9870061278343201 189
1741130607871 0.9776110053062439 190
1741130607871 0.9815672636032104 191
1741130607872 0.9807658791542053 192
1741130607872 0.9736568927764893 193
1741130607873 0.9783639311790466 194
1741130607873 0.9710423350334167 195
1741130607873 0.9673236608505249 196
1741130607874 0.9659237861633301 197
1741130607874 0.984882116317749 198
1741130607875 0.9707440733909607 199
1741130607875 0.9676448106765747 200
1741130607875 0.9718632102012634 201
1741130607876 0.972257137298584 202
1741130607876 0.9649536609649658 203
1741130607877 0.9616681933403015 204
1741130607877 0.9645034670829773 205
1741130607877 0.9651780724525452 206
1741130607878 0.973052442073822 207
1741130607878 0.9656078219413757 208
1741130607879 0.9551213383674622 209
1741130607879 0.9616484642028809 210
1741130607879 0.958219051361084 211
1741130607880 0.9660000205039978 212
1741130607880 0.960533082485199 213
1741130607881 0.958521842956543 214
1741130607881 0.9575406908988953 215
1741130607881 0.9670263528823853 216
1741130607882 0.9639990329742432 217
1741130607882 0.9601370096206665 218
1741130607883 0.9602538347244263 219
1741130607883 0.9639503359794617 220
1741130607883 0.959446907043457 221
1741130607884 0.9647560715675354 222
1741130607884 0.9586455821990967 223
1741130607885 0.9545100331306458 224
1741130607885 0.9541530013084412 225
1741130607885 0.9565603733062744 226
1741130607886 0.9572827816009521 227
1741130607886 0.9536586999893188 228
1741130607887 0.9520761966705322 229
1741130607887 0.9569538235664368 230
1741130607888 0.9564475417137146 231
1741130607888 0.954383373260498 232
1741130607888 0.9495196342468262 233
1741130607889 0.9436380863189697 234
1741130607889 0.942970335483551 235
1741130607889 0.9573001861572266 236
1741130607890 0.95269376039505 237
1741130607890 0.9503911733627319 238
1741130607891 0.9459245204925537 239
1741130607891 0.9475507736206055 240
1741130607891 0.9464961886405945 241
1741130607892 0.9528313279151917 242
1741130607892 0.948996901512146 243
1741130607893 0.9445103406906128 244
1741130607893 0.9437442421913147 245
1741130607893 0.9466735124588013 246
1741130607894 0.9444320797920227 247
1741130607894 0.9453028440475464 248
1741130607895 0.9430904984474182 249
1741130607895 0.944881796836853 250
1741130607896 0.9499866962432861 251
1741130607896 0.9431154131889343 252
1741130607896 0.9421263337135315 253
1741130607897 0.9360861778259277 254
1741130607897 0.933719277381897 255
1741130607898 0.9374618530273438 256
1741130607898 0.9428056478500366 257
1741130607898 0.9402145743370056 258
1741130607899 0.9349349141120911 259
1741130607899 0.9445467591285706 260
1741130607900 0.9381037950515747 261
1741130607900 0.9412373900413513 262
1741130607900 0.9411383271217346 263
1741130607901 0.9316415190696716 264
1741130607901 0.9398655295372009 265
1741130607902 0.9402414560317993 266
1741130607902 0.9372029304504395 267
1741130607902 0.9305510520935059 268
1741130607903 0.9359924793243408 269
1741130607903 0.9270759224891663 270
1741130607904 0.9303281307220459 271
1741130607904 0.9358844757080078 272
1741130607904 0.9266349077224731 273
1741130607905 0.9321817755699158 274
1741130607905 0.9338980317115784 275
1741130607906 0.9297135472297668 276
1741130607906 0.9289560317993164 277
1741130607906 0.9276930689811707 278
1741130607907 0.9280608296394348 279
1741130607907 0.9326384663581848 280
1741130607908 0.9271997213363647 281
1741130607908 0.9215741157531738 282
1741130607908 0.931812047958374 283
1741130607909 0.926491379737854 284
1741130607909 0.9309820532798767 285
1741130607910 0.9278860092163086 286
1741130607910 0.9205005764961243 287
1741130607911 0.929672122001648 288
1741130607911 0.926206648349762 289
1741130607911 0.9349033236503601 290
1741130607912 0.9202460646629333 291
1741130607912 0.9224537014961243 292
1741130607913 0.9250386357307434 293
1741130607913 0.9253466129302979 294
1741130607913 0.9273369312286377 295
1741130607914 0.9275854825973511 296
1741130607914 0.9261425137519836 297
1741130607915 0.9205828905105591 298
1741130607915 0.9142605066299438 299
1741130607915 0.9226914644241333 300
1741130607916 0.9230250120162964 301
1741130607916 0.920462429523468 302
1741130607917 0.9216154217720032 303
1741130607917 0.9255891442298889 304
1741130607917 0.9133453369140625 305
1741130607918 0.9141194224357605 306
1741130607918 0.9180952906608582 307
1741130607919 0.9198535680770874 308
1741130607919 0.9234174489974976 309
1741130607919 0.9158636927604675 310
1741130607920 0.9233169555664062 311
1741130607920 0.9178787469863892 312
1741130607921 0.9167831540107727 313
1741130607921 0.911231279373169 314
1741130607921 0.9171472787857056 315
1741130607922 0.9156914353370667 316
1741130607922 0.9099830389022827 317
1741130607923 0.9250757694244385 318
1741130607923 0.9169674515724182 319
1741130607923 0.9117932915687561 320
1741130607924 0.9126231074333191 321
1741130607924 0.9140600562095642 322
1741130607925 0.9049144983291626 323
1741130607925 0.9120251536369324 324
1741130607925 0.9139972925186157 325
1741130607926 0.9110456109046936 326
1741130607926 0.9133034944534302 327
1741130607927 0.9110982418060303 328
1741130607927 0.914998471736908 329
1741130607927 0.9165259003639221 330
1741130607928 0.8988317847251892 331
1741130607928 0.9181276559829712 332
1741130607929 0.9058097004890442 333
1741130607929 0.9077737331390381 334
1741130607929 0.9128689765930176 335
1741130607930 0.9080168008804321 336
1741130607930 0.8975651264190674 337
1741130607931 0.9070163369178772 338
1741130607931 0.9025509357452393 339
1741130607931 0.9082502722740173 340
1741130607932 0.909011721611023 341
1741130607932 0.910175621509552 342
1741130607932 0.9008312225341797 343
1741130607933 0.9102911949157715 344
1741130607933 0.9068222045898438 345
1741130607934 0.9092875123023987 346
1741130607934 0.9069663286209106 347
1741130607935 0.9070031642913818 348
1741130607935 0.9029818177223206 349
1741130607935 0.9056774377822876 350
1741130607936 0.9010544419288635 351
1741130607936 0.9048261046409607 352
1741130607936 0.89851313829422 353
1741130607937 0.8999251127243042 354
1741130607937 0.9041089415550232 355
1741130607938 0.9043682813644409 356
1741130607938 0.9001027941703796 357
1741130607938 0.9004942774772644 358
1741130607939 0.9017695188522339 359
1741130607939 0.8978196978569031 360
1741130607940 0.9036769270896912 361
1741130607940 0.8981999158859253 362
1741130607940 0.9001478552818298 363
1741130607941 0.9077081084251404 364
1741130607941 0.8945042490959167 365
1741130607942 0.9001953601837158 366
1741130607942 0.8970409035682678 367
1741130607943 0.8984780311584473 368
1741130607943 0.9013139009475708 369
1741130607943 0.8942776322364807 370
1741130607944 0.8936295509338379 371
1741130607944 0.8912046551704407 372
1741130607944 0.900597095489502 373
1741130607945 0.9041334986686707 374
1741130607945 0.8993272185325623 375
1741130607946 0.891755998134613 376
1741130607946 0.895662248134613 377
1741130607946 0.8862531185150146 378
1741130607947 0.9067218899726868 379
1741130607947 0.8860815763473511 380
1741130607948 0.8971455693244934 381
1741130607948 0.8979355692863464 382
1741130607948 0.8943448066711426 383
1741130607949 0.8972479104995728 384
1741130607949 0.9016768932342529 385
1741130607950 0.8945642709732056 386
1741130607950 0.8900496959686279 387
1741130607950 0.8930031657218933 388
1741130607951 0.8885748386383057 389
1741130607951 0.889542281627655 390
1741130607952 0.8859388828277588 391
1741130607952 0.8902127146720886 392
1741130607952 0.8927265405654907 393
1741130607953 0.8874189853668213 394
1741130607953 0.8931567668914795 395
1741130607954 0.8925554752349854 396
1741130607954 0.8834850192070007 397
1741130607954 0.8916861414909363 398
1741130607955 0.8879222273826599 399
1741130607955 0.8931267857551575 400
1741130607956 0.8890417218208313 401
1741130607956 0.8836760520935059 402
1741130607956 0.8948974609375 403
1741130607957 0.8809652328491211 404
1741130607957 0.8881435394287109 405
1741130607958 0.881161630153656 406
1741130607958 0.8861097693443298 407
1741130607958 0.8860844373703003 408
1741130607959 0.8894049525260925 409
1741130607959 0.8897485733032227 410
1741130607960 0.8878030180931091 411
1741130607960 0.8867948651313782 412
1741130607960 0.8859618306159973 413
1741130607961 0.8868359327316284 414
1741130607961 0.8832536339759827 415
1741130607962 0.886955738067627 416
1741130607962 0.8842028975486755 417
1741130607962 0.8821079134941101 418
1741130607963 0.8823373317718506 419
1741130607963 0.8761937618255615 420
1741130607964 0.8880981802940369 421
1741130607964 0.8769790530204773 422
1741130607964 0.886921763420105 423
1741130607965 0.8785399198532104 424
1741130607965 0.8796473741531372 425
1741130607966 0.8849568367004395 426
1741130607966 0.8881667256355286 427
1741130607966 0.8854472041130066 428
1741130607967 0.8854979276657104 429
1741130607967 0.8815448880195618 430
1741130607968 0.8814592957496643 431
1741130607968 0.8800638914108276 432
1741130607968 0.8791607022285461 433
1741130607969 0.8827953338623047 434
1741130607969 0.8841036558151245 435
1741130607970 0.8768524527549744 436
1741130607970 0.8810705542564392 437
1741130607970 0.8733283281326294 438
1741130607971 0.8874974846839905 439
1741130607971 0.8806836605072021 440
1741130607972 0.8749887943267822 441
1741130607972 0.8819565773010254 442
1741130607972 0.8900801539421082 443
1741130607973 0.8783457279205322 444
1741130607973 0.8818373084068298 445
1741130607974 0.8761653900146484 446
1741130607974 0.8782821297645569 447
1741130607974 0.880520224571228 448
1741130607975 0.8776863813400269 449
1741130607975 0.8743931651115417 450
1741130607976 0.8775010704994202 451
1741130607976 0.878116250038147 452
1741130607976 0.8763824701309204 453
1741130607977 0.874550461769104 454
1741130607977 0.8729734420776367 455
1741130607978 0.8734973073005676 456
1741130607978 0.8771952986717224 457
1741130607978 0.8748653531074524 458
1741130607979 0.8684503436088562 459
1741130607979 0.8788618445396423 460
1741130607980 0.8694905042648315 461
1741130607980 0.8720505237579346 462
1741130607980 0.8765225410461426 463
1741130607981 0.8748119473457336 464
1741130607981 0.8829178214073181 465
1741130607982 0.8757531046867371 466
1741130607982 0.8736116886138916 467
1741130607982 0.8802453279495239 468
1741130607983 0.8699858784675598 469
1741130607983 0.8751344084739685 470
1741130607984 0.873965322971344 471
1741130607984 0.8747208118438721 472
1741130607984 0.8693543076515198 473
1741130607985 0.867108166217804 474
1741130607985 0.8695269823074341 475
1741130607986 0.876060426235199 476
1741130607986 0.8711321949958801 477
1741130607986 0.8667370080947876 478
1741130607987 0.8785120844841003 479
1741130607987 0.8658610582351685 480
1741130607988 0.8663574457168579 481
1741130607988 0.871428906917572 482
1741130607988 0.8683496713638306 483
1741130607989 0.8739830255508423 484
1741130607989 0.864841639995575 485
1741130607990 0.8670128583908081 486
1741130607990 0.8689589500427246 487
1741130607990 0.8717794418334961 488
1741130607991 0.8667477369308472 489
1741130607991 0.8636176586151123 490
1741130607992 0.8643332719802856 491
1741130607992 0.8647634387016296 492
1741130607992 0.8685323596000671 493
1741130607993 0.8710160851478577 494
1741130607993 0.8698376417160034 495
1741130607994 0.8684925436973572 496
1741130607994 0.8719263076782227 497
1741130607994 0.8668524026870728 498
1741130607995 0.8629913330078125 499
