1741055988000 3.5902795791625977 0
1741055988001 3.133708953857422 1
1741055988001 2.874606132507324 2
1741055988002 2.701737642288208 3
1741055988002 2.5834269523620605 4
1741055988002 2.4727728366851807 5
1741055988003 2.3947319984436035 6
1741055988003 2.3163912296295166 7
1741055988004 2.2481868267059326 8
1741055988004 2.2038912773132324 9
1741055988005 2.1565537452697754 10
1741055988005 2.114135980606079 11
1741055988005 2.0778908729553223 12
1741055988006 2.045076847076416 13
1741055988006 2.025702476501465 14
1741055988007 2.0019445419311523 15
1741055988007 1.9657639265060425 16
1741055988007 1.956268072128296 17
1741055988008 1.9294548034667969 18
1741055988008 1.9170191287994385 19
1741055988009 1.9000624418258667 20
1741055988009 1.8800106048583984 21
1741055988009 1.8707220554351807 22
1741055988010 1.8578948974609375 23
1741055988010 1.8579585552215576 24
1741055988011 1.8294743299484253 25
1741055988011 1.8199670314788818 26
1741055988011 1.809687614440918 27
1741055988012 1.805525541305542 28
1741055988012 1.7880126237869263 29
1741055988013 1.7847490310668945 30
1741055988013 1.775904655456543 31
1741055988014 1.7593774795532227 32
1741055988014 1.7549691200256348 33
1741055988014 1.7670292854309082 34
1741055988015 1.7443177700042725 35
1741055988015 1.7300254106521606 36
1741055988016 1.727133870124817 37
1741055988016 1.7223056554794312 38
1741055988016 1.7205755710601807 39
1741055988017 1.7091261148452759 40
1741055988017 1.702559471130371 41
1741055988018 1.7003849744796753 42
1741055988018 1.7028452157974243 43
1741055988018 1.6889207363128662 44
1741055988019 1.6881012916564941 45
1741055988019 1.6722756624221802 46
1741055988020 1.6731024980545044 47
1741055988020 1.680470585823059 48
1741055988020 1.6784427165985107 49
1741055988021 1.6621296405792236 50
1741055988021 1.6534678936004639 51
1741055988023 1.6514954566955566 52
1741055988023 1.6594878435134888 53
1741055988023 1.6464049816131592 54
1741055988024 1.6422427892684937 55
1741055988024 1.6287932395935059 56
1741055988025 1.6293801069259644 57
1741055988025 1.63956618309021 58
1741055988025 1.6307971477508545 59
1741055988026 1.6209218502044678 60
1741055988026 1.621251106262207 61
1741055988027 1.6139180660247803 62
1741055988027 1.6201145648956299 63
1741055988027 1.6125530004501343 64
1741055988028 1.6058720350265503 65
1741055988028 1.6039234399795532 66
1741055988029 1.598044514656067 67
1741055988029 1.6147639751434326 68
1741055988029 1.606237769126892 69
1741055988030 1.594632863998413 70
1741055988030 1.591038703918457 71
1741055988031 1.588268756866455 72
1741055988031 1.6019434928894043 73
1741055988031 1.5829898118972778 74
1741055988032 1.586054801940918 75
1741055988032 1.5827603340148926 76
1741055988033 1.5801748037338257 77
1741055988033 1.5856654644012451 78
1741055988033 1.5753774642944336 79
1741055988034 1.5701974630355835 80
1741055988034 1.5635207891464233 81
1741055988034 1.5730708837509155 82
1741055988035 1.5643460750579834 83
1741055988035 1.5706555843353271 84
1741055988036 1.5597327947616577 85
1741055988036 1.5541425943374634 86
1741055988036 1.5620310306549072 87
1741055988037 1.5602481365203857 88
1741055988037 1.5605016946792603 89
1741055988038 1.5479289293289185 90
1741055988038 1.551733136177063 91
1741055988038 1.5485432147979736 92
1741055988039 1.5522332191467285 93
1741055988039 1.542740821838379 94
1741055988040 1.5369277000427246 95
1741055988040 1.541884422302246 96
1741055988040 1.5355899333953857 97
1741055988041 1.5483129024505615 98
1741055988041 1.5341742038726807 99
1741055988042 1.528857946395874 100
1741055988042 1.5252175331115723 101
1741055988042 1.53740656375885 102
1741055988043 1.526818871498108 103
1741055988043 1.5313873291015625 104
1741055988044 1.5288156270980835 105
1741055988044 1.5214248895645142 106
1741055988044 1.5281540155410767 107
1741055988045 1.524261474609375 108
1741055988045 1.5155243873596191 109
1741055988046 1.5123019218444824 110
1741055988046 1.5073426961898804 111
1741055988046 1.5293457508087158 112
1741055988047 1.5183141231536865 113
1741055988047 1.5059396028518677 114
1741055988048 1.4993810653686523 115
1741055988048 1.5006346702575684 116
1741055988048 1.517859697341919 117
1741055988049 1.5198853015899658 118
1741055988049 1.5046191215515137 119
1741055988050 1.4982441663742065 120
1741055988050 1.5007435083389282 121
1741055988050 1.5108808279037476 122
1741055988051 1.5004030466079712 123
1741055988051 1.499741792678833 124
1741055988052 1.496436595916748 125
1741055988052 1.4911351203918457 126
1741055988052 1.5025564432144165 127
1741055988053 1.5007520914077759 128
1741055988053 1.4897164106369019 129
1741055988054 1.4892189502716064 130
1741055988054 1.488869309425354 131
1741055988054 1.5022122859954834 132
1741055988055 1.4968678951263428 133
1741055988055 1.48361074924469 134
1741055988056 1.4888328313827515 135
1741055988056 1.4860244989395142 136
1741055988056 1.4872761964797974 137
1741055988057 1.4886895418167114 138
1741055988057 1.4732171297073364 139
1741055988058 1.4757510423660278 140
1741055988058 1.488277792930603 141
1741055988058 1.4876078367233276 142
1741055988059 1.485950231552124 143
1741055988059 1.4681907892227173 144
1741055988059 1.4778035879135132 145
1741055988060 1.4801548719406128 146
1741055988060 1.4747215509414673 147
1741055988061 1.4817944765090942 148
1741055988061 1.4642508029937744 149
1741055988061 1.4686205387115479 150
1741055988062 1.4729503393173218 151
1741055988062 1.4711229801177979 152
1741055988063 1.4706392288208008 153
1741055988063 1.4658702611923218 154
1741055988063 1.4540575742721558 155
1741055988064 1.4729902744293213 156
1741055988064 1.4623230695724487 157
1741055988065 1.47130286693573 158
1741055988065 1.4593164920806885 159
1741055988065 1.454784870147705 160
1741055988066 1.4733986854553223 161
1741055988066 1.4618839025497437 162
1741055988067 1.4562807083129883 163
1741055988067 1.4651275873184204 164
1741055988067 1.4509601593017578 165
1741055988068 1.4613934755325317 166
1741055988068 1.4513885974884033 167
1741055988068 1.45761239528656 168
1741055988069 1.4473445415496826 169
1741055988069 1.4602386951446533 170
1741055988070 1.4557082653045654 171
1741055988070 1.454271674156189 172
1741055988070 1.4503899812698364 173
1741055988071 1.4452097415924072 174
1741055988071 1.441652774810791 175
1741055988072 1.4569488763809204 176
1741055988072 1.4438589811325073 177
1741055988072 1.4426252841949463 178
1741055988073 1.442025065422058 179
1741055988073 1.4327548742294312 180
1741055988074 1.4541041851043701 181
1741055988074 1.4483201503753662 182
1741055988074 1.429242730140686 183
1741055988075 1.4357407093048096 184
1741055988075 1.438185691833496 185
1741055988076 1.4499150514602661 186
1741055988076 1.4498662948608398 187
1741055988076 1.4447014331817627 188
1741055988077 1.4305871725082397 189
1741055988077 1.4381858110427856 190
1741055988078 1.4431548118591309 191
1741055988078 1.4394190311431885 192
1741055988078 1.4256350994110107 193
1741055988079 1.4230620861053467 194
1741055988079 1.4380706548690796 195
1741055988080 1.4384771585464478 196
1741055988080 1.4307944774627686 197
1741055988080 1.4366402626037598 198
1741055988081 1.4279268980026245 199
1741055988081 1.4328519105911255 200
1741055988081 1.4580751657485962 201
1741055988082 1.4336296319961548 202
1741055988082 1.4288663864135742 203
1741055988083 1.4255505800247192 204
1741055988083 1.4223055839538574 205
1741055988083 1.4208087921142578 206
1741055988084 1.4298994541168213 207
1741055988084 1.4232577085494995 208
1741055988085 1.4222840070724487 209
1741055988085 1.421962857246399 210
1741055988085 1.4247362613677979 211
1741055988086 1.4209773540496826 212
1741055988086 1.41755211353302 213
1741055988087 1.4136693477630615 214
1741055988087 1.424631118774414 215
1741055988087 1.4290518760681152 216
1741055988088 1.4308205842971802 217
1741055988088 1.4160724878311157 218
1741055988088 1.4164612293243408 219
1741055988089 1.4169014692306519 220
1741055988089 1.4209004640579224 221
1741055988090 1.4213725328445435 222
1741055988090 1.412235140800476 223
1741055988090 1.410220742225647 224
1741055988091 1.423600435256958 225
1741055988091 1.4206289052963257 226
1741055988092 1.4061299562454224 227
1741055988092 1.4086459875106812 228
1741055988092 1.4073803424835205 229
1741055988093 1.4166456460952759 230
1741055988093 1.4185315370559692 231
1741055988094 1.4094326496124268 232
1741055988094 1.4087327718734741 233
1741055988094 1.4016412496566772 234
1741055988095 1.4163411855697632 235
1741055988095 1.4142343997955322 236
1741055988096 1.4052486419677734 237
1741055988096 1.4059609174728394 238
1741055988096 1.406733512878418 239
1741055988097 1.4243961572647095 240
1741055988097 1.409188151359558 241
1741055988097 1.4065395593643188 242
1741055988098 1.4033139944076538 243
1741055988098 1.404280185699463 244
1741055988099 1.4130388498306274 245
1741055988099 1.4066082239151 246
1741055988099 1.3967417478561401 247
1741055988100 1.4016778469085693 248
1741055988100 1.4079620838165283 249
1741055988101 1.4112040996551514 250
1741055988101 1.4063520431518555 251
1741055988101 1.3933416604995728 252
1741055988102 1.392088770866394 253
1741055988102 1.4063923358917236 254
1741055988103 1.4088634252548218 255
1741055988103 1.403244137763977 256
1741055988103 1.391410231590271 257
1741055988104 1.3949904441833496 258
1741055988104 1.3952302932739258 259
1741055988105 1.399661660194397 260
1741055988105 1.3982001543045044 261
1741055988105 1.3952223062515259 262
1741055988106 1.3980889320373535 263
1741055988106 1.3965039253234863 264
1741055988106 1.4001061916351318 265
1741055988107 1.4009277820587158 266
1741055988107 1.3911091089248657 267
1741055988108 1.3919107913970947 268
1741055988108 1.3929738998413086 269
1741055988108 1.4089117050170898 270
1741055988109 1.3937689065933228 271
1741055988109 1.3892402648925781 272
1741055988110 1.3889540433883667 273
1741055988110 1.396681308746338 274
1741055988110 1.3936594724655151 275
1741055988111 1.388274073600769 276
1741055988111 1.3899425268173218 277
1741055988112 1.3806086778640747 278
1741055988112 1.397302508354187 279
1741055988112 1.3916250467300415 280
1741055988113 1.3826748132705688 281
1741055988113 1.3865736722946167 282
1741055988114 1.3808557987213135 283
1741055988114 1.400166392326355 284
1741055988114 1.3912593126296997 285
1741055988115 1.3716824054718018 286
1741055988115 1.3777170181274414 287
1741055988116 1.3795793056488037 288
1741055988116 1.3845199346542358 289
1741055988116 1.3816272020339966 290
1741055988117 1.3863658905029297 291
1741055988117 1.379370927810669 292
1741055988118 1.384131908416748 293
1741055988118 1.3933439254760742 294
1741055988118 1.384762167930603 295
1741055988119 1.3823230266571045 296
1741055988119 1.3791922330856323 297
1741055988120 1.373877763748169 298
1741055988120 1.3941453695297241 299
1741055988120 1.3848923444747925 300
1741055988121 1.374862790107727 301
1741055988121 1.3765292167663574 302
1741055988121 1.3755731582641602 303
1741055988122 1.3859639167785645 304
1741055988122 1.3830775022506714 305
1741055988123 1.376983404159546 306
1741055988123 1.3733144998550415 307
1741055988123 1.3831872940063477 308
1741055988124 1.3857311010360718 309
1741055988124 1.3741353750228882 310
1741055988125 1.3742393255233765 311
1741055988125 1.3667711019515991 312
1741055988125 1.3776440620422363 313
1741055988126 1.3770949840545654 314
1741055988126 1.3721736669540405 315
1741055988127 1.3717137575149536 316
1741055988127 1.376145601272583 317
1741055988127 1.36980140209198 318
1741055988128 1.3780375719070435 319
1741055988128 1.3756604194641113 320
1741055988128 1.3639719486236572 321
1741055988129 1.3649474382400513 322
1741055988129 1.3658565282821655 323
1741055988130 1.3738678693771362 324
1741055988130 1.3794376850128174 325
1741055988130 1.367660641670227 326
1741055988131 1.3616178035736084 327
1741055988131 1.37515127658844 328
1741055988132 1.3749148845672607 329
1741055988132 1.365940809249878 330
1741055988132 1.3652667999267578 331
1741055988133 1.3574126958847046 332
1741055988133 1.372503399848938 333
1741055988133 1.3690636157989502 334
1741055988134 1.3670402765274048 335
1741055988134 1.3688178062438965 336
1741055988135 1.3739646673202515 337
1741055988135 1.3724647760391235 338
1741055988136 1.3769817352294922 339
1741055988136 1.3609691858291626 340
1741055988136 1.3599637746810913 341
1741055988137 1.3584816455841064 342
1741055988137 1.364025354385376 343
1741055988137 1.364515781402588 344
1741055988138 1.3618561029434204 345
1741055988138 1.353837490081787 346
1741055988139 1.3563764095306396 347
1741055988139 1.37183678150177 348
1741055988139 1.364080548286438 349
1741055988140 1.362809419631958 350
1741055988140 1.3585745096206665 351
1741055988141 1.3571385145187378 352
1741055988141 1.3776395320892334 353
1741055988141 1.3584253787994385 354
1741055988142 1.3565969467163086 355
1741055988142 1.3565059900283813 356
1741055988143 1.3540804386138916 357
1741055988143 1.371925711631775 358
1741055988143 1.3641754388809204 359
1741055988144 1.3576258420944214 360
1741055988144 1.3534855842590332 361
1741055988144 1.3556817770004272 362
1741055988145 1.3674430847167969 363
1741055988145 1.3640848398208618 364
1741055988146 1.3516417741775513 365
1741055988146 1.3432599306106567 366
1741055988146 1.350640058517456 367
1741055988147 1.362470269203186 368
1741055988147 1.3619171380996704 369
1741055988148 1.3509474992752075 370
1741055988148 1.3439335823059082 371
1741055988148 1.3565818071365356 372
1741055988149 1.3669630289077759 373
1741055988149 1.3551613092422485 374
1741055988150 1.3420865535736084 375
1741055988150 1.344054102897644 376
1741055988150 1.3511883020401 377
1741055988151 1.364526629447937 378
1741055988151 1.3576228618621826 379
1741055988151 1.347135066986084 380
1741055988152 1.3425315618515015 381
1741055988152 1.364513874053955 382
1741055988153 1.3561086654663086 383
1741055988153 1.3591859340667725 384
1741055988153 1.3538271188735962 385
1741055988154 1.342382788658142 386
1741055988154 1.3559131622314453 387
1741055988155 1.349095106124878 388
1741055988155 1.3422975540161133 389
1741055988155 1.3441678285598755 390
1741055988156 1.3451353311538696 391
1741055988156 1.3556679487228394 392
1741055988156 1.351231575012207 393
1741055988157 1.3434457778930664 394
1741055988157 1.3427625894546509 395
1741055988158 1.3441370725631714 396
1741055988158 1.3614786863327026 397
1741055988158 1.3542993068695068 398
1741055988159 1.3398929834365845 399
1741055988159 1.344198226928711 400
1741055988160 1.347048282623291 401
1741055988160 1.344111442565918 402
1741055988160 1.3507457971572876 403
1741055988161 1.3463983535766602 404
1741055988161 1.336022138595581 405
1741055988162 1.3475242853164673 406
1741055988162 1.3488777875900269 407
1741055988162 1.3415464162826538 408
1741055988163 1.3337441682815552 409
1741055988163 1.3427700996398926 410
1741055988163 1.3340678215026855 411
1741055988164 1.3548756837844849 412
1741055988164 1.3428574800491333 413
1741055988165 1.3468765020370483 414
1741055988165 1.3347691297531128 415
1741055988165 1.334121823310852 416
1741055988166 1.349715232849121 417
1741055988166 1.3408955335617065 418
1741055988167 1.337790608406067 419
1741055988167 1.344171404838562 420
1741055988167 1.3354860544204712 421
1741055988168 1.3475866317749023 422
1741055988168 1.3514484167099 423
1741055988168 1.336419701576233 424
1741055988169 1.3289504051208496 425
1741055988169 1.331822395324707 426
1741055988170 1.3375242948532104 427
1741055988170 1.3393282890319824 428
1741055988170 1.3409852981567383 429
1741055988171 1.3341740369796753 430
1741055988171 1.340145230293274 431
1741055988172 1.3418352603912354 432
1741055988172 1.3386956453323364 433
1741055988172 1.3413059711456299 434
1741055988173 1.3289518356323242 435
1741055988173 1.3408987522125244 436
1741055988174 1.3385828733444214 437
1741055988174 1.3348453044891357 438
1741055988174 1.3317395448684692 439
1741055988175 1.3250679969787598 440
1741055988175 1.3339202404022217 441
1741055988175 1.3416123390197754 442
1741055988176 1.3403735160827637 443
1741055988176 1.3336924314498901 444
1741055988177 1.3341302871704102 445
1741055988177 1.3318707942962646 446
1741055988177 1.33222496509552 447
1741055988178 1.3429182767868042 448
1741055988178 1.328589677810669 449
1741055988179 1.3254550695419312 450
1741055988179 1.3343266248703003 451
1741055988179 1.3359326124191284 452
1741055988180 1.3313124179840088 453
1741055988180 1.3310683965682983 454
1741055988181 1.3280344009399414 455
1741055988181 1.3323413133621216 456
1741055988181 1.3291051387786865 457
1741055988182 1.3232524394989014 458
1741055988182 1.3295177221298218 459
1741055988182 1.3199591636657715 460
1741055988183 1.3403922319412231 461
1741055988183 1.3402361869812012 462
1741055988184 1.328530192375183 463
1741055988184 1.3296219110488892 464
1741055988184 1.324749231338501 465
1741055988185 1.3382905721664429 466
1741055988185 1.338242769241333 467
1741055988186 1.3242281675338745 468
1741055988186 1.3274246454238892 469
1741055988186 1.3200594186782837 470
1741055988187 1.3376595973968506 471
1741055988187 1.3389922380447388 472
1741055988187 1.3219352960586548 473
1741055988188 1.3164559602737427 474
1741055988188 1.3189146518707275 475
1741055988189 1.3390756845474243 476
1741055988189 1.33257257938385 477
1741055988189 1.320053219795227 478
1741055988190 1.3244428634643555 479
1741055988190 1.320361852645874 480
1741055988191 1.349272608757019 481
1741055988191 1.3260656595230103 482
1741055988191 1.3236879110336304 483
1741055988192 1.3280298709869385 484
1741055988192 1.3261221647262573 485
1741055988193 1.326698899269104 486
1741055988193 1.3321291208267212 487
1741055988193 1.321570873260498 488
1741055988194 1.3253729343414307 489
1741055988194 1.3266572952270508 490
1741055988194 1.3251804113388062 491
1741055988195 1.3291276693344116 492
1741055988195 1.3107272386550903 493
1741055988196 1.3251066207885742 494
1741055988196 1.3280330896377563 495
1741055988196 1.3344162702560425 496
1741055988197 1.3323622941970825 497
1741055988197 1.314275860786438 498
1741055988198 1.319510579109192 499
