1741055988000 0.09844531118869781 0
1741055988001 0.19404686987400055 1
1741055988001 0.2524375021457672 2
1741055988002 0.2924453020095825 3
1741055988002 0.32499998807907104 4
1741055988002 0.35249999165534973 5
1741055988003 0.3741718828678131 6
1741055988003 0.3970000147819519 7
1741055988004 0.41288280487060547 8
1741055988004 0.42585936188697815 9
1741055988005 0.4366171956062317 10
1741055988005 0.4498046934604645 11
1741055988005 0.4603593647480011 12
1741055988006 0.46717968583106995 13
1741055988006 0.4752500057220459 14
1741055988007 0.48103123903274536 15
1741055988007 0.4892500042915344 16
1741055988007 0.49446094036102295 17
1741055988008 0.5004531145095825 18
1741055988008 0.5035625100135803 19
1741055988009 0.5082812309265137 20
1741055988009 0.5141093730926514 21
1741055988009 0.5164218544960022 22
1741055988010 0.5190390348434448 23
1741055988010 0.5188124775886536 24
1741055988011 0.5262265801429749 25
1741055988011 0.5287031531333923 26
1741055988011 0.531125009059906 27
1741055988012 0.5342734456062317 28
1741055988012 0.5373828411102295 29
1741055988013 0.5389218926429749 30
1741055988013 0.5402265787124634 31
1741055988014 0.5431249737739563 32
1741055988014 0.5463437438011169 33
1741055988014 0.5443515777587891 34
1741055988015 0.5499531030654907 35
1741055988015 0.554085910320282 36
1741055988016 0.5529218912124634 37
1741055988016 0.5558906197547913 38
1741055988016 0.5561249852180481 39
1741055988017 0.5578906536102295 40
1741055988017 0.5601328015327454 41
1741055988018 0.5608828067779541 42
1741055988018 0.5618281364440918 43
1741055988018 0.5650390386581421 44
1741055988019 0.5634765625 45
1741055988019 0.5689140558242798 46
1741055988020 0.5679453015327454 47
1741055988020 0.5663046836853027 48
1741055988020 0.5674062371253967 49
1741055988021 0.5715078115463257 50
1741055988021 0.5741562247276306 51
1741055988023 0.5745546817779541 52
1741055988023 0.5718749761581421 53
1741055988023 0.5742421746253967 54
1741055988024 0.5771250128746033 55
1741055988024 0.5785390734672546 56
1741055988025 0.5788359642028809 57
1741055988025 0.5765547156333923 58
1741055988025 0.5793828368186951 59
1741055988026 0.5825468897819519 60
1741055988026 0.5826406478881836 61
1741055988027 0.5843515396118164 62
1741055988027 0.5821874737739563 63
1741055988027 0.5845780968666077 64
1741055988028 0.5858593583106995 65
1741055988028 0.5857187509536743 66
1741055988029 0.5873906016349792 67
1741055988029 0.5831797122955322 68
1741055988029 0.5868359208106995 69
1741055988030 0.5891249775886536 70
1741055988030 0.5887734293937683 71
1741055988031 0.5907421708106995 72
1741055988031 0.585742175579071 73
1741055988031 0.5925937294960022 74
1741055988032 0.5915312767028809 75
1741055988032 0.5896171927452087 76
1741055988033 0.5927109122276306 77
1741055988033 0.5918202996253967 78
1741055988033 0.5955625176429749 79
1741055988034 0.5945156216621399 80
1741055988034 0.5949843525886536 81
1741055988034 0.5964140892028809 82
1741055988035 0.5972031354904175 83
1741055988035 0.5957109332084656 84
1741055988036 0.5991171598434448 85
1741055988036 0.5986875295639038 86
1741055988036 0.5984218716621399 87
1741055988037 0.5995078086853027 88
1741055988037 0.5977734327316284 89
1741055988038 0.6011718511581421 90
1741055988038 0.5990546941757202 91
1741055988038 0.5999687314033508 92
1741055988039 0.5993906259536743 93
1741055988039 0.6024453043937683 94
1741055988040 0.6046406030654907 95
1741055988040 0.6019687652587891 96
1741055988040 0.6043593883514404 97
1741055988041 0.5988749861717224 98
1741055988041 0.6046249866485596 99
1741055988042 0.6045156121253967 100
1741055988042 0.6075156331062317 101
1741055988042 0.605789065361023 102
1741055988043 0.6052265763282776 103
1741055988043 0.606570303440094 104
1741055988044 0.6066874861717224 105
1741055988044 0.6097890734672546 106
1741055988044 0.6047265529632568 107
1741055988045 0.6078203320503235 108
1741055988045 0.6088593602180481 109
1741055988046 0.6094062328338623 110
1741055988046 0.6126953363418579 111
1741055988046 0.6066328287124634 112
1741055988047 0.6105312705039978 113
1741055988047 0.6112655997276306 114
1741055988048 0.6137968897819519 115
1741055988048 0.6142734289169312 116
1741055988048 0.6102968454360962 117
1741055988049 0.6089218854904175 118
1741055988049 0.6112812757492065 119
1741055988050 0.6143437623977661 120
1741055988050 0.6133359670639038 121
1741055988050 0.6120703220367432 122
1741055988051 0.6138593554496765 123
1741055988051 0.6117500066757202 124
1741055988052 0.6151171922683716 125
1741055988052 0.615164041519165 126
1741055988052 0.6120390892028809 127
1741055988053 0.6140546798706055 128
1741055988053 0.6155156493186951 129
1741055988054 0.6164374947547913 130
1741055988054 0.6178125143051147 131
1741055988054 0.6140781044960022 132
1741055988055 0.6159843802452087 133
1741055988055 0.6190234422683716 134
1741055988056 0.6157890558242798 135
1741055988056 0.6186953186988831 136
1741055988056 0.6172343492507935 137
1741055988057 0.6176640391349792 138
1741055988057 0.6222187280654907 139
1741055988058 0.620242178440094 140
1741055988058 0.6185312271118164 141
1741055988058 0.6166093945503235 142
1741055988059 0.6191953420639038 143
1741055988059 0.621343731880188 144
1741055988059 0.6205078363418579 145
1741055988060 0.6195546984672546 146
1741055988060 0.6218125224113464 147
1741055988061 0.6198202967643738 148
1741055988061 0.6243125200271606 149
1741055988061 0.6215390563011169 150
1741055988062 0.6211015582084656 151
1741055988062 0.623046875 152
1741055988063 0.6214531064033508 153
1741055988063 0.6225468516349792 154
1741055988063 0.6251171827316284 155
1741055988064 0.6230234503746033 156
1741055988064 0.6245468854904175 157
1741055988065 0.6226562261581421 158
1741055988065 0.6249843835830688 159
1741055988065 0.6251875162124634 160
1741055988066 0.6213046908378601 161
1741055988066 0.6242265701293945 162
1741055988067 0.6264140605926514 163
1741055988067 0.6215312480926514 164
1741055988067 0.6269765496253967 165
1741055988068 0.6254609227180481 166
1741055988068 0.6256328225135803 167
1741055988068 0.625851571559906 168
1741055988069 0.6286718845367432 169
1741055988069 0.6254843473434448 170
1741055988070 0.6279765367507935 171
1741055988070 0.627734363079071 172
1741055988070 0.6279687285423279 173
1741055988071 0.6282890439033508 174
1741055988071 0.6300390362739563 175
1741055988072 0.626171886920929 176
1741055988072 0.6295156478881836 177
1741055988072 0.6292656064033508 178
1741055988073 0.6293515563011169 179
1741055988073 0.6328359246253967 180
1741055988074 0.6276015639305115 181
1741055988074 0.6287968754768372 182
1741055988074 0.6333203315734863 183
1741055988075 0.6310937404632568 184
1741055988075 0.6329531073570251 185
1741055988076 0.6294140815734863 186
1741055988076 0.6279922127723694 187
1741055988076 0.6295390725135803 188
1741055988077 0.6339687705039978 189
1741055988077 0.6318906545639038 190
1741055988078 0.629812479019165 191
1741055988078 0.6309219002723694 192
1741055988078 0.6341015696525574 193
1741055988079 0.6336093544960022 194
1741055988079 0.6329531073570251 195
1741055988080 0.6319687366485596 196
1741055988080 0.6316328048706055 197
1741055988080 0.6344609260559082 198
1741055988081 0.6329687237739563 199
1741055988081 0.6334999799728394 200
1741055988081 0.626226544380188 201
1741055988082 0.6326562762260437 202
1741055988082 0.634039044380188 203
1741055988083 0.6341719031333923 204
1741055988083 0.6357265710830688 205
1741055988083 0.6357499957084656 206
1741055988084 0.6317968964576721 207
1741055988084 0.6347109079360962 208
1741055988085 0.6346015334129333 209
1741055988085 0.635992169380188 210
1741055988085 0.635015606880188 211
1741055988086 0.6362968683242798 212
1741055988086 0.6345390677452087 213
1741055988087 0.638070285320282 214
1741055988087 0.6344296932220459 215
1741055988087 0.6353984475135803 216
1741055988088 0.6336484551429749 217
1741055988088 0.6350703239440918 218
1741055988088 0.637445330619812 219
1741055988089 0.6365078091621399 220
1741055988089 0.635421872138977 221
1741055988090 0.6359453201293945 222
1741055988090 0.635867178440094 223
1741055988090 0.6405234336853027 224
1741055988091 0.6362031102180481 225
1741055988091 0.6362109184265137 226
1741055988092 0.638867199420929 227
1741055988092 0.6392109394073486 228
1741055988092 0.6382421851158142 229
1741055988093 0.6381015777587891 230
1741055988093 0.6364531517028809 231
1741055988094 0.6387812495231628 232
1741055988094 0.6390625238418579 233
1741055988094 0.6395859122276306 234
1741055988095 0.638015627861023 235
1741055988095 0.6368046998977661 236
1741055988096 0.6405312418937683 237
1741055988096 0.6398281455039978 238
1741055988096 0.6397343873977661 239
1741055988097 0.6356874704360962 240
1741055988097 0.6390625238418579 241
1741055988097 0.6397578120231628 242
1741055988098 0.6389999985694885 243
1741055988098 0.6399219036102295 244
1741055988099 0.6380234360694885 245
1741055988099 0.6402734518051147 246
1741055988099 0.6410390734672546 247
1741055988100 0.6404062509536743 248
1741055988100 0.6392343640327454 249
1741055988101 0.6396718621253967 250
1741055988101 0.6413593888282776 251
1741055988101 0.6429140567779541 252
1741055988102 0.6444218754768372 253
1741055988102 0.6393203139305115 254
1741055988103 0.6404843926429749 255
1741055988103 0.6403359174728394 256
1741055988103 0.6427578330039978 257
1741055988104 0.6436718702316284 258
1741055988104 0.6430234313011169 259
1741055988105 0.6412890553474426 260
1741055988105 0.6411562561988831 261
1741055988105 0.6427578330039978 262
1741055988106 0.6431093811988831 263
1741055988106 0.6427343487739563 264
1741055988106 0.6410624980926514 265
1741055988107 0.6414999961853027 266
1741055988107 0.6431875228881836 267
1741055988108 0.6439062356948853 268
1741055988108 0.6442499756813049 269
1741055988108 0.640250027179718 270
1741055988109 0.6438593864440918 271
1741055988109 0.643179714679718 272
1741055988110 0.6441249847412109 273
1741055988110 0.645312488079071 274
1741055988110 0.6427578330039978 275
1741055988111 0.6443125009536743 276
1741055988111 0.6445156335830688 277
1741055988112 0.6465390920639038 278
1741055988112 0.6436640620231628 279
1741055988112 0.6454296708106995 280
1741055988113 0.6458593606948853 281
1741055988113 0.644906222820282 282
1741055988114 0.6485312581062317 283
1741055988114 0.642828106880188 284
1741055988114 0.6443828344345093 285
1741055988115 0.6488906145095825 286
1741055988115 0.6459453105926514 287
1741055988116 0.6446484327316284 288
1741055988116 0.6469140648841858 289
1741055988116 0.6457421779632568 290
1741055988117 0.6449218988418579 291
1741055988117 0.6467656493186951 292
1741055988118 0.6457968950271606 293
1741055988118 0.6450312733650208 294
1741055988118 0.6453359127044678 295
1741055988119 0.6446953415870667 296
1741055988119 0.6478046774864197 297
1741055988120 0.6472343802452087 298
1741055988120 0.6425312757492065 299
1741055988120 0.6462968587875366 300
1741055988121 0.6485000252723694 301
1741055988121 0.6461796760559082 302
1741055988121 0.6483047008514404 303
1741055988122 0.6451406478881836 304
1741055988122 0.646414041519165 305
1741055988123 0.6474375128746033 306
1741055988123 0.6477734446525574 307
1741055988123 0.6461562514305115 308
1741055988124 0.6466171741485596 309
1741055988124 0.6489765644073486 310
1741055988125 0.6482265591621399 311
1741055988125 0.6517031192779541 312
1741055988125 0.6476796865463257 313
1741055988126 0.6488203406333923 314
1741055988126 0.6482734084129333 315
1741055988127 0.6467890739440918 316
1741055988127 0.647265613079071 317
1741055988127 0.6492499709129333 318
1741055988128 0.6475625038146973 319
1741055988128 0.6486952900886536 320
1741055988128 0.6506093740463257 321
1741055988129 0.6498437523841858 322
1741055988129 0.6503672003746033 323
1741055988130 0.6477344036102295 324
1741055988130 0.6484375 325
1741055988130 0.6493828296661377 326
1741055988131 0.6503124833106995 327
1741055988131 0.6503437757492065 328
1741055988132 0.6494374871253967 329
1741055988132 0.6502500176429749 330
1741055988132 0.6513984203338623 331
1741055988133 0.6517968773841858 332
1741055988133 0.6505937576293945 333
1741055988133 0.6484687328338623 334
1741055988134 0.6495702862739563 335
1741055988134 0.6510702967643738 336
1741055988135 0.6508515477180481 337
1741055988135 0.6496406197547913 338
1741055988136 0.6490859389305115 339
1741055988136 0.6510546803474426 340
1741055988136 0.6502734422683716 341
1741055988137 0.6512890458106995 342
1741055988137 0.6507343649864197 343
1741055988137 0.6522812247276306 344
1741055988138 0.6512187719345093 345
1741055988138 0.6538203358650208 346
1741055988139 0.6549999713897705 347
1741055988139 0.6494374871253967 348
1741055988139 0.6504296660423279 349
1741055988140 0.653515636920929 350
1741055988140 0.6526952981948853 351
1741055988141 0.6538359522819519 352
1741055988141 0.6484140753746033 353
1741055988141 0.6528437733650208 354
1741055988142 0.6523593664169312 355
1741055988142 0.6537187695503235 356
1741055988143 0.652945339679718 357
1741055988143 0.6492499709129333 358
1741055988143 0.6514999866485596 359
1741055988144 0.6536093950271606 360
1741055988144 0.6530156135559082 361
1741055988144 0.6543750166893005 362
1741055988145 0.6517343521118164 363
1741055988145 0.6525859236717224 364
1741055988146 0.6543124914169312 365
1741055988146 0.6568906307220459 366
1741055988146 0.655648410320282 367
1741055988147 0.6507968902587891 368
1741055988147 0.6526874899864197 369
1741055988148 0.6545624732971191 370
1741055988148 0.655523419380188 371
1741055988148 0.6536328196525574 372
1741055988149 0.6509296894073486 373
1741055988149 0.6542656421661377 374
1741055988150 0.6575703024864197 375
1741055988150 0.6558515429496765 376
1741055988150 0.6547265648841858 377
1741055988151 0.6508437395095825 378
1741055988151 0.6536796689033508 379
1741055988151 0.6545624732971191 380
1741055988152 0.6566562652587891 381
1741055988152 0.6522890329360962 382
1741055988153 0.6543281078338623 383
1741055988153 0.6535312533378601 384
1741055988153 0.6532890796661377 385
1741055988154 0.656374990940094 386
1741055988154 0.6544374823570251 387
1741055988155 0.656445324420929 388
1741055988155 0.6572265625 389
1741055988155 0.6561640501022339 390
1741055988156 0.6571875214576721 391
1741055988156 0.6555703282356262 392
1741055988156 0.6539531350135803 393
1741055988157 0.6560078263282776 394
1741055988157 0.6558828353881836 395
1741055988158 0.6566640734672546 396
1741055988158 0.653445303440094 397
1741055988158 0.6537656188011169 398
1741055988159 0.658453106880188 399
1741055988159 0.6565077900886536 400
1741055988160 0.656906247138977 401
1741055988160 0.6572343707084656 402
1741055988160 0.6554140448570251 403
1741055988161 0.6556327939033508 404
1741055988161 0.6599140763282776 405
1741055988162 0.6563984155654907 406
1741055988162 0.6567109227180481 407
1741055988162 0.6573281288146973 408
1741055988163 0.6604609489440918 409
1741055988163 0.6573671698570251 410
1741055988163 0.6586562395095825 411
1741055988164 0.6546328067779541 412
1741055988164 0.6565077900886536 413
1741055988165 0.6564687490463257 414
1741055988165 0.6596562266349792 415
1741055988165 0.6577265858650208 416
1741055988166 0.6579453349113464 417
1741055988166 0.6576796770095825 418
1741055988167 0.6572734117507935 419
1741055988167 0.6569374799728394 420
1741055988167 0.6586796641349792 421
1741055988168 0.6560234427452087 422
1741055988168 0.6552187204360962 423
1741055988168 0.6583672165870667 424
1741055988169 0.6586484313011169 425
1741055988169 0.659304678440094 426
1741055988170 0.6581718921661377 427
1741055988170 0.6576562523841858 428
1741055988170 0.6568124890327454 429
1741055988171 0.6576406359672546 430
1741055988171 0.6589140892028809 431
1741055988172 0.6570859551429749 432
1741055988172 0.6575234532356262 433
1741055988172 0.6570703387260437 434
1741055988173 0.6599375009536743 435
1741055988173 0.6568046808242798 436
1741055988174 0.660085916519165 437
1741055988174 0.6585078239440918 438
1741055988174 0.6596171855926514 439
1741055988175 0.6611562371253967 440
1741055988175 0.6588827967643738 441
1741055988175 0.6591718792915344 442
1741055988176 0.6596640348434448 443
1741055988176 0.6599843502044678 444
1741055988177 0.6590234637260437 445
1741055988177 0.6595156192779541 446
1741055988177 0.6584765911102295 447
1741055988178 0.6575156450271606 448
1741055988178 0.6609140634536743 449
1741055988179 0.6607109308242798 450
1741055988179 0.6598906517028809 451
1741055988179 0.6598671674728394 452
1741055988180 0.6607734560966492 453
1741055988180 0.6598593592643738 454
1741055988181 0.6606953144073486 455
1741055988181 0.6592734456062317 456
1741055988181 0.6602187752723694 457
1741055988182 0.6611718535423279 458
1741055988182 0.6615625023841858 459
1741055988182 0.6630390882492065 460
1741055988183 0.657546877861023 461
1741055988183 0.6584765911102295 462
1741055988184 0.6613593697547913 463
1741055988184 0.660812497138977 464
1741055988184 0.6632968783378601 465
1741055988185 0.6592656373977661 466
1741055988185 0.6599375009536743 467
1741055988186 0.6622812747955322 468
1741055988186 0.6610156297683716 469
1741055988186 0.6620468497276306 470
1741055988187 0.6600546836853027 471
1741055988187 0.6594062447547913 472
1741055988187 0.6625546813011169 473
1741055988188 0.6637343764305115 474
1741055988188 0.6629843711853027 475
1741055988189 0.6598671674728394 476
1741055988189 0.6586562395095825 477
1741055988189 0.6624453067779541 478
1741055988190 0.6615546941757202 479
1741055988190 0.6652656197547913 480
1741055988191 0.6562187671661377 481
1741055988191 0.6605547070503235 482
1741055988191 0.6632734537124634 483
1741055988192 0.6606249809265137 484
1741055988192 0.6616171598434448 485
1741055988193 0.6606640815734863 486
1741055988193 0.6607031226158142 487
1741055988193 0.6644296646118164 488
1741055988194 0.6619921922683716 489
1741055988194 0.6616718769073486 490
1741055988194 0.6616796851158142 491
1741055988195 0.6601796746253967 492
1741055988195 0.6646015644073486 493
1741055988196 0.6632343530654907 494
1741055988196 0.660757839679718 495
1741055988196 0.6605781316757202 496
1741055988197 0.6602968573570251 497
1741055988197 0.6657421588897705 498
1741055988198 0.6623671650886536 499
