1741195169635 3.6963858604431152 0
1741195169636 3.178199052810669 1
1741195169636 2.8554863929748535 2
1741195169637 2.6256120204925537 3
1741195169637 2.441653251647949 4
1741195169638 2.307328701019287 5
1741195169638 2.1892929077148438 6
1741195169639 2.0983972549438477 7
1741195169639 2.011164665222168 8
1741195169640 1.934065580368042 9
1741195169640 1.8711491823196411 10
1741195169641 1.8085570335388184 11
1741195169641 1.7536542415618896 12
1741195169642 1.7099686861038208 13
1741195169642 1.6589481830596924 14
1741195169643 1.6282752752304077 15
1741195169643 1.583641767501831 16
1741195169644 1.5571109056472778 17
1741195169644 1.5153577327728271 18
1741195169644 1.4891632795333862 19
1741195169645 1.464874505996704 20
1741195169645 1.4370635747909546 21
1741195169646 1.411493182182312 22
1741195169646 1.387647271156311 23
1741195169647 1.371532678604126 24
1741195169647 1.3505396842956543 25
1741195169648 1.333536982536316 26
1741195169648 1.3175358772277832 27
1741195169649 1.2917855978012085 28
1741195169649 1.281376600265503 29
1741195169650 1.25887131690979 30
1741195169650 1.2475613355636597 31
1741195169651 1.229033350944519 32
1741195169651 1.215670108795166 33
1741195169652 1.2015938758850098 34
1741195169652 1.1940127611160278 35
1741195169652 1.18604576587677 36
1741195169653 1.170901894569397 37
1741195169653 1.156704306602478 38
1741195169654 1.1410716772079468 39
1741195169654 1.1384447813034058 40
1741195169655 1.130496621131897 41
1741195169655 1.1080249547958374 42
1741195169656 1.106035590171814 43
1741195169656 1.0998787879943848 44
1741195169657 1.090815544128418 45
1741195169657 1.08309805393219 46
1741195169658 1.0716774463653564 47
1741195169658 1.0540374517440796 48
1741195169659 1.0522476434707642 49
1741195169659 1.0502517223358154 50
1741195169660 1.04780912399292 51
1741195169660 1.0336943864822388 52
1741195169660 1.0285001993179321 53
1741195169661 1.0236437320709229 54
1741195169661 1.0095404386520386 55
1741195169662 1.0137230157852173 56
1741195169662 1.0040167570114136 57
1741195169663 1.000075101852417 58
1741195169663 0.9854781031608582 59
1741195169664 0.9864471554756165 60
1741195169664 0.9844415187835693 61
1741195169665 0.9754971861839294 62
1741195169665 0.9642611145973206 63
1741195169666 0.9686819911003113 64
1741195169666 0.9605165719985962 65
1741195169667 0.9572668671607971 66
1741195169667 0.9470741748809814 67
1741195169668 0.942345142364502 68
1741195169668 0.9417901635169983 69
1741195169669 0.9396141767501831 70
1741195169669 0.929887056350708 71
1741195169670 0.926530659198761 72
1741195169670 0.9189416766166687 73
1741195169671 0.9269053936004639 74
1741195169671 0.9141443967819214 75
1741195169672 0.9106443524360657 76
1741195169672 0.909882664680481 77
1741195169673 0.9120218753814697 78
1741195169673 0.8994333744049072 79
1741195169674 0.9021046757698059 80
1741195169674 0.8958255052566528 81
1741195169675 0.8822408318519592 82
1741195169675 0.8829553723335266 83
1741195169675 0.8819993138313293 84
1741195169676 0.8805608153343201 85
1741195169676 0.8803627490997314 86
1741195169677 0.8769272565841675 87
1741195169677 0.8680723309516907 88
1741195169678 0.8727983236312866 89
1741195169678 0.8617462515830994 90
1741195169679 0.8616291880607605 91
1741195169679 0.8555558919906616 92
1741195169680 0.8552432656288147 93
1741195169680 0.8507122993469238 94
1741195169680 0.8630056977272034 95
1741195169681 0.8434794545173645 96
1741195169681 0.8395050764083862 97
1741195169682 0.8534382581710815 98
1741195169682 0.8329880833625793 99
1741195169683 0.8472819924354553 100
1741195169683 0.830201268196106 101
1741195169684 0.8301116228103638 102
1741195169684 0.8356782793998718 103
1741195169685 0.82718825340271 104
1741195169685 0.8272382616996765 105
1741195169686 0.8277965188026428 106
1741195169686 0.8212971091270447 107
1741195169687 0.8178420066833496 108
1741195169687 0.8189224004745483 109
1741195169687 0.8103731870651245 110
1741195169688 0.8020687103271484 111
1741195169688 0.8099596500396729 112
1741195169689 0.8040695786476135 113
1741195169689 0.8074570894241333 114
1741195169690 0.8033360838890076 115
1741195169690 0.7927219867706299 116
1741195169691 0.7970330715179443 117
1741195169691 0.8001927733421326 118
1741195169692 0.7944669723510742 119
1741195169692 0.7922897338867188 120
1741195169692 0.7869946956634521 121
1741195169693 0.7871047258377075 122
1741195169693 0.7844460010528564 123
1741195169694 0.7827894687652588 124
1741195169694 0.780283510684967 125
1741195169695 0.7788074612617493 126
1741195169695 0.7770453691482544 127
1741195169696 0.7716718316078186 128
1741195169696 0.7767060995101929 129
1741195169697 0.772916316986084 130
1741195169697 0.7681481838226318 131
1741195169698 0.7709751129150391 132
1741195169698 0.7657732963562012 133
1741195169699 0.7686612606048584 134
1741195169699 0.7588042616844177 135
1741195169699 0.7588455677032471 136
1741195169700 0.7626521587371826 137
1741195169700 0.7566204071044922 138
1741195169701 0.7573189735412598 139
1741195169701 0.7535371780395508 140
1741195169702 0.7500859498977661 141
1741195169702 0.7531748414039612 142
1741195169703 0.7555031776428223 143
1741195169703 0.7496119141578674 144
1741195169704 0.7499285340309143 145
1741195169704 0.7517330050468445 146
1741195169704 0.7486395835876465 147
1741195169705 0.7406001091003418 148
1741195169705 0.7523096799850464 149
1741195169706 0.7416197657585144 150
1741195169706 0.7409565448760986 151
1741195169707 0.7393810153007507 152
1741195169707 0.7368739247322083 153
1741195169708 0.7332423329353333 154
1741195169708 0.7357036471366882 155
1741195169709 0.7300876379013062 156
1741195169709 0.7361632585525513 157
1741195169710 0.7281935811042786 158
1741195169710 0.7339889407157898 159
1741195169710 0.7273827195167542 160
1741195169711 0.7268950939178467 161
1741195169711 0.7292668223381042 162
1741195169712 0.7257301211357117 163
1741195169712 0.7251369953155518 164
1741195169713 0.715444803237915 165
1741195169713 0.7233384251594543 166
1741195169714 0.7140467762947083 167
1741195169714 0.7184039950370789 168
1741195169715 0.7246410846710205 169
1741195169715 0.7108247876167297 170
1741195169716 0.7082986235618591 171
1741195169716 0.7148609161376953 172
1741195169717 0.7091720700263977 173
1741195169717 0.7082574963569641 174
1741195169717 0.7150102853775024 175
1741195169718 0.7089651226997375 176
1741195169718 0.7093629837036133 177
1741195169719 0.7060980796813965 178
1741195169719 0.6993287801742554 179
1741195169720 0.7084325551986694 180
1741195169720 0.6999630928039551 181
1741195169721 0.7074637413024902 182
1741195169721 0.7014577984809875 183
1741195169722 0.6965799331665039 184
1741195169722 0.7022037506103516 185
1741195169723 0.6975530982017517 186
1741195169723 0.6961851119995117 187
1741195169723 0.6998109817504883 188
1741195169724 0.6907926201820374 189
1741195169724 0.6902558207511902 190
1741195169725 0.6939895749092102 191
1741195169725 0.6882858276367188 192
1741195169726 0.6944215893745422 193
1741195169726 0.6899316906929016 194
1741195169727 0.6911817789077759 195
1741195169727 0.6840207576751709 196
1741195169728 0.684550404548645 197
1741195169728 0.6895920634269714 198
1741195169728 0.6837105751037598 199
