1741195169635 0.08568750321865082 0
1741195169636 0.1853359341621399 1
1741195169636 0.25067970156669617 2
1741195169637 0.3002890646457672 3
1741195169637 0.3431328237056732 4
1741195169638 0.3747265636920929 5
1741195169638 0.40425780415534973 6
1741195169639 0.4260546863079071 7
1741195169639 0.44878125190734863 8
1741195169640 0.46989843249320984 9
1741195169640 0.4844062626361847 10
1741195169641 0.5003593564033508 11
1741195169641 0.5140625238418579 12
1741195169642 0.527023434638977 13
1741195169642 0.5413984656333923 14
1741195169643 0.5487890839576721 15
1741195169643 0.5609531402587891 16
1741195169644 0.5682578086853027 17
1741195169644 0.5811562538146973 18
1741195169644 0.5883906483650208 19
1741195169645 0.5942343473434448 20
1741195169645 0.6026952862739563 21
1741195169646 0.6081796884536743 22
1741195169646 0.615164041519165 23
1741195169647 0.6203593611717224 24
1741195169647 0.6255078315734863 25
1741195169648 0.6310077905654907 26
1741195169648 0.6349375247955322 27
1741195169649 0.6423749923706055 28
1741195169649 0.6454843878746033 29
1741195169650 0.6504140496253967 30
1741195169650 0.6535859107971191 31
1741195169651 0.6594218611717224 32
1741195169651 0.6630390882492065 33
1741195169652 0.6657187342643738 34
1741195169652 0.6703515648841858 35
1741195169652 0.674554705619812 36
1741195169653 0.6752265691757202 37
1741195169653 0.6784531474113464 38
1741195169654 0.6845155954360962 39
1741195169654 0.6845703125 40
1741195169655 0.6868671774864197 41
1741195169655 0.6933671832084656 42
1741195169656 0.6943203210830688 43
1741195169656 0.6944375038146973 44
1741195169657 0.6980546712875366 45
1741195169657 0.7003515362739563 46
1741195169658 0.7032421827316284 47
1741195169658 0.7080937623977661 48
1741195169659 0.7099140882492065 49
1741195169659 0.7095000147819519 50
1741195169660 0.7099921703338623 51
1741195169660 0.7131327986717224 52
1741195169660 0.7162265777587891 53
1741195169661 0.717898428440094 54
1741195169661 0.7190234661102295 55
1741195169662 0.7196406126022339 56
1741195169662 0.7222656011581421 57
1741195169663 0.7226484417915344 58
1741195169663 0.7258984446525574 59
1741195169664 0.7281718850135803 60
1741195169664 0.7282265424728394 61
1741195169665 0.7299531102180481 62
1741195169665 0.7317500114440918 63
1741195169666 0.7316796779632568 64
1741195169666 0.7349687218666077 65
1741195169667 0.7363359332084656 66
1741195169667 0.7381874918937683 67
1741195169668 0.7390546798706055 68
1741195169668 0.7382500171661377 69
1741195169669 0.740429699420929 70
1741195169669 0.7425390481948853 71
1741195169670 0.7439140677452087 72
1741195169670 0.7448750138282776 73
1741195169671 0.7437890768051147 74
1741195169671 0.7459921836853027 75
1741195169672 0.748171865940094 76
1741195169672 0.7481562495231628 77
1741195169673 0.7475625276565552 78
1741195169673 0.7500625252723694 79
1741195169674 0.7503046989440918 80
1741195169674 0.7529765367507935 81
1741195169675 0.754757821559906 82
1741195169675 0.7546172142028809 83
1741195169675 0.7553359270095825 84
1741195169676 0.7560312747955322 85
1741195169676 0.7578593492507935 86
1741195169677 0.7583281397819519 87
1741195169677 0.7597187757492065 88
1741195169678 0.7573202848434448 89
1741195169678 0.7621718645095825 90
1741195169679 0.7615468502044678 91
1741195169679 0.7621172070503235 92
1741195169680 0.7641718983650208 93
1741195169680 0.7657577991485596 94
1741195169680 0.7626405954360962 95
1741195169681 0.766976535320282 96
1741195169681 0.7674140334129333 97
1741195169682 0.765375018119812 98
1741195169682 0.769156277179718 99
1741195169683 0.7668828368186951 100
1741195169683 0.7703202962875366 101
1741195169684 0.7699218988418579 102
1741195169684 0.7676171660423279 103
1741195169685 0.7704687714576721 104
1741195169685 0.7709765434265137 105
1741195169686 0.7713124752044678 106
1741195169686 0.7720468640327454 107
1741195169687 0.7736015915870667 108
1741195169687 0.7727656364440918 109
1741195169687 0.7761796712875366 110
1741195169688 0.7783750295639038 111
1741195169688 0.7764453291893005 112
1741195169689 0.7776328325271606 113
1741195169689 0.7772499918937683 114
1741195169690 0.7764843702316284 115
1741195169690 0.7800078392028809 116
1741195169691 0.7798827886581421 117
1741195169691 0.7770702838897705 118
1741195169692 0.7799999713897705 119
1741195169692 0.7809922099113464 120
1741195169692 0.7829453349113464 121
1741195169693 0.7827343940734863 122
1741195169693 0.7837109565734863 123
1741195169694 0.7832499742507935 124
1741195169694 0.7844218611717224 125
1741195169695 0.7836796641349792 126
1741195169695 0.7857890725135803 127
1741195169696 0.7860234379768372 128
1741195169696 0.7853281497955322 129
1741195169697 0.7877812385559082 130
1741195169697 0.7877812385559082 131
1741195169698 0.7872187495231628 132
1741195169698 0.7879375219345093 133
1741195169699 0.7891015410423279 134
1741195169699 0.7901328206062317 135
1741195169699 0.7916328310966492 136
1741195169700 0.7880859375 137
1741195169700 0.7914062738418579 138
1741195169701 0.7914296984672546 139
1741195169701 0.7922187447547913 140
1741195169702 0.7914687395095825 141
1741195169702 0.7908515334129333 142
1741195169703 0.7909296751022339 143
1741195169703 0.7936640381813049 144
1741195169704 0.7927578091621399 145
1741195169704 0.7922187447547913 146
1741195169704 0.7929843664169312 147
1741195169705 0.7947734594345093 148
1741195169705 0.7934530973434448 149
1741195169706 0.7946640849113464 150
1741195169706 0.7968984246253967 151
1741195169707 0.7961015701293945 152
1741195169707 0.7962421774864197 153
1741195169708 0.7966718673706055 154
1741195169708 0.7963125109672546 155
1741195169709 0.7980625033378601 156
1741195169709 0.796679675579071 157
1741195169710 0.7985156178474426 158
1741195169710 0.7969297170639038 159
1741195169710 0.7980546951293945 160
1741195169711 0.7993203401565552 161
1741195169711 0.7993359565734863 162
1741195169712 0.8005625009536743 163
1741195169712 0.8008046746253967 164
1741195169713 0.8004687428474426 165
1741195169713 0.7997187376022339 166
1741195169714 0.8047031164169312 167
1741195169714 0.8006484508514404 168
1741195169715 0.8002421855926514 169
1741195169715 0.8036953210830688 170
1741195169716 0.8032968640327454 171
1741195169716 0.8024374842643738 172
1741195169717 0.8045703172683716 173
1741195169717 0.8043437600135803 174
1741195169717 0.8018437623977661 175
1741195169718 0.8034921884536743 176
1741195169718 0.8059296607971191 177
1741195169719 0.8042812347412109 178
1741195169719 0.807687520980835 179
1741195169720 0.8056406378746033 180
1741195169720 0.8069062232971191 181
1741195169721 0.8064374923706055 182
1741195169721 0.8074609637260437 183
1741195169722 0.8075859546661377 184
1741195169722 0.8061797022819519 185
1741195169723 0.8081250190734863 186
1741195169723 0.8080078363418579 187
1741195169723 0.8074374794960022 188
1741195169724 0.8096250295639038 189
1741195169724 0.8088124990463257 190
1741195169725 0.8083281517028809 191
1741195169725 0.8093281388282776 192
1741195169726 0.8072734475135803 193
1741195169726 0.8089609146118164 194
1741195169727 0.8086484670639038 195
1741195169727 0.8110077977180481 196
1741195169728 0.8099374771118164 197
1741195169728 0.8090390563011169 198
1741195169728 0.8110390901565552 199
