1741190787312 0.044968750327825546 0
1741190787312 0.07969531416893005 1
1741190787313 0.12025780975818634 2
1741190787314 0.16173437237739563 3
1741190787314 0.19649218022823334 4
1741190787315 0.22106249630451202 5
1741190787315 0.24806250631809235 6
1741190787316 0.271296888589859 7
1741190787316 0.29053905606269836 8
1741190787317 0.3099140524864197 9
1741190787317 0.3268671929836273 10
1741190787318 0.3405703008174896 11
1741190787318 0.35377344489097595 12
1741190787319 0.36510157585144043 13
1741190787319 0.37624219059944153 14
1741190787320 0.3873828053474426 15
1741190787320 0.39598438143730164 16
1741190787321 0.40671876072883606 17
1741190787321 0.4165859520435333 18
1741190787322 0.42258593440055847 19
1741190787322 0.42960938811302185 20
1741190787323 0.43720313906669617 21
1741190787323 0.44477343559265137 22
1741190787324 0.4522968828678131 23
1741190787324 0.45787501335144043 24
1741190787325 0.4636875092983246 25
1741190787325 0.4707109332084656 26
1741190787326 0.477351576089859 27
1741190787326 0.48121094703674316 28
1741190787326 0.4884375035762787 29
1741190787327 0.4921171963214874 30
1741190787327 0.4990937411785126 31
1741190787328 0.5046484470367432 32
1741190787328 0.5072343945503235 33
1741190787329 0.5117655992507935 34
1741190787329 0.5171562433242798 35
1741190787330 0.5195780992507935 36
1741190787330 0.5213437676429749 37
1741190787331 0.5296093821525574 38
1741190787331 0.5329375267028809 39
1741190787332 0.5367422103881836 40
1741190787332 0.5414687395095825 41
1741190787332 0.5449844002723694 42
1741190787333 0.5489922165870667 43
1741190787333 0.5510937571525574 44
1741190787334 0.552484393119812 45
1741190787334 0.5573046803474426 46
1741190787335 0.5616328120231628 47
1741190787335 0.5649218559265137 48
1741190787336 0.5678125023841858 49
1741190787336 0.5671250224113464 50
1741190787337 0.5701562762260437 51
1741190787337 0.5760312676429749 52
1741190787338 0.5755937695503235 53
1741190787338 0.5788671970367432 54
1741190787339 0.5811952948570251 55
1741190787339 0.584359347820282 56
1741190787339 0.5872656106948853 57
1741190787340 0.5886093974113464 58
1741190787340 0.5917734503746033 59
1741190787341 0.591796875 60
1741190787341 0.5959218740463257 61
1741190787342 0.5962968468666077 62
1741190787342 0.5989297032356262 63
1741190787343 0.6002578139305115 64
1741190787343 0.6031093597412109 65
1741190787344 0.6039140820503235 66
1741190787344 0.6056171655654907 67
1741190787344 0.6071327924728394 68
1741190787345 0.6092265844345093 69
1741190787345 0.6108202934265137 70
1741190787346 0.6124531030654907 71
1741190787346 0.6157812476158142 72
1741190787347 0.6145156025886536 73
1741190787347 0.6149296760559082 74
1741190787348 0.6199140548706055 75
1741190787348 0.6188359260559082 76
1741190787349 0.6222500205039978 77
1741190787349 0.6217187643051147 78
1741190787349 0.6229687333106995 79
1741190787350 0.6248359084129333 80
1741190787350 0.6257421970367432 81
1741190787351 0.6276327967643738 82
1741190787351 0.6299296617507935 83
1741190787352 0.6293203234672546 84
1741190787352 0.6327187418937683 85
1741190787353 0.6320234537124634 86
1741190787353 0.6318827867507935 87
1741190787354 0.6352890729904175 88
1741190787354 0.6340234279632568 89
1741190787355 0.6362422108650208 90
1741190787355 0.6371250152587891 91
1741190787355 0.6365312337875366 92
1741190787356 0.6408125162124634 93
1741190787356 0.6385546922683716 94
1741190787357 0.6426171660423279 95
1741190787357 0.6434765458106995 96
1741190787358 0.643750011920929 97
1741190787358 0.6451796889305115 98
1741190787359 0.6452656388282776 99
1741190787359 0.6461172103881836 100
1741190787360 0.6492421627044678 101
1741190787360 0.6498984098434448 102
1741190787361 0.6497499942779541 103
1741190787361 0.6497265696525574 104
1741190787362 0.6490234136581421 105
1741190787362 0.6520312428474426 106
1741190787362 0.6520078182220459 107
1741190787363 0.6517812609672546 108
1741190787363 0.6523827910423279 109
1741190787364 0.6545703411102295 110
1741190787364 0.6557577848434448 111
1741190787365 0.6551640629768372 112
1741190787365 0.6583437323570251 113
1741190787366 0.6582968831062317 114
1741190787366 0.6576718688011169 115
1741190787367 0.660757839679718 116
1741190787367 0.6606562733650208 117
1741190787367 0.6623437404632568 118
1741190787368 0.661203145980835 119
1741190787368 0.6648281216621399 120
1741190787369 0.662039041519165 121
1741190787369 0.6627265810966492 122
1741190787370 0.6646406054496765 123
1741190787370 0.6644609570503235 124
1741190787371 0.6675624847412109 125
1741190787371 0.6655859351158142 126
1741190787372 0.6701640486717224 127
1741190787372 0.6692187786102295 128
1741190787373 0.6695781350135803 129
1741190787373 0.6695859432220459 130
1741190787373 0.6704375147819519 131
1741190787374 0.6704375147819519 132
1741190787374 0.6704765558242798 133
1741190787375 0.6714609265327454 134
1741190787375 0.6718828082084656 135
1741190787376 0.672124981880188 136
1741190787376 0.6741406321525574 137
1741190787377 0.6721718907356262 138
1741190787377 0.6754531264305115 139
1741190787378 0.6727109551429749 140
1741190787378 0.6747890710830688 141
1741190787379 0.6769765615463257 142
1741190787379 0.6754843592643738 143
1741190787379 0.6758671998977661 144
1741190787380 0.6776015758514404 145
1741190787380 0.6781250238418579 146
1741190787381 0.6787499785423279 147
1741190787381 0.6762265563011169 148
1741190787382 0.6795468926429749 149
1741190787382 0.6802031397819519 150
1741190787383 0.6789453029632568 151
1741190787383 0.6785468459129333 152
1741190787384 0.6819687485694885 153
1741190787384 0.6820625066757202 154
1741190787385 0.6815000176429749 155
1741190787385 0.6819062232971191 156
1741190787385 0.6843281388282776 157
1741190787386 0.6823202967643738 158
1741190787386 0.6836093664169312 159
1741190787387 0.6812265515327454 160
1741190787387 0.684640645980835 161
1741190787388 0.685421884059906 162
1741190787388 0.6850703358650208 163
1741190787389 0.6871953010559082 164
1741190787389 0.6855546832084656 165
1741190787389 0.6865702867507935 166
1741190787390 0.6869687438011169 167
1741190787390 0.6874374747276306 168
1741190787391 0.6885703206062317 169
1741190787391 0.6875625252723694 170
1741190787392 0.6883671879768372 171
1741190787392 0.690234363079071 172
1741190787393 0.689828097820282 173
1741190787393 0.6900703310966492 174
1741190787394 0.6914374828338623 175
1741190787394 0.6901953220367432 176
1741190787394 0.6896640658378601 177
1741190787395 0.6911953091621399 178
1741190787395 0.6918515563011169 179
1741190787396 0.6910625100135803 180
1741190787396 0.6931484341621399 181
1741190787397 0.6924453377723694 182
1741190787397 0.6919999718666077 183
1741190787398 0.6938046813011169 184
1741190787398 0.6945156455039978 185
1741190787399 0.6943593621253967 186
1741190787399 0.6943827867507935 187
1741190787400 0.6943125128746033 188
1741190787400 0.695187509059906 189
1741190787400 0.6970624923706055 190
1741190787401 0.6979452967643738 191
1741190787401 0.6934687495231628 192
1741190787402 0.6993359327316284 193
1741190787402 0.697640597820282 194
1741190787403 0.6945781111717224 195
1741190787403 0.6979140639305115 196
1741190787404 0.6983047127723694 197
1741190787404 0.6977890729904175 198
1741190787404 0.6970624923706055 199
