1741190787312 3.8207430839538574 0
1741190787312 3.580991744995117 1
1741190787313 3.396257162094116 2
1741190787314 3.198751211166382 3
1741190787314 3.0430519580841064 4
1741190787315 2.9187140464782715 5
1741190787315 2.8041493892669678 6
1741190787316 2.7027690410614014 7
1741190787316 2.6200220584869385 8
1741190787317 2.539278268814087 9
1741190787317 2.4675705432891846 10
1741190787318 2.4114062786102295 11
1741190787318 2.3545615673065186 12
1741190787319 2.3077824115753174 13
1741190787319 2.2598190307617188 14
1741190787320 2.221111536026001 15
1741190787320 2.181774377822876 16
1741190787321 2.144228935241699 17
1741190787321 2.1101620197296143 18
1741190787322 2.083199977874756 19
1741190787322 2.0557565689086914 20
1741190787323 2.0277552604675293 21
1741190787323 2.003704786300659 22
1741190787324 1.9738138914108276 23
1741190787324 1.9564192295074463 24
1741190787325 1.930138349533081 25
1741190787325 1.907536506652832 26
1741190787326 1.8882955312728882 27
1741190787326 1.867093801498413 28
1741190787326 1.8476908206939697 29
1741190787327 1.8298192024230957 30
1741190787327 1.8106803894042969 31
1741190787328 1.789438247680664 32
1741190787328 1.7741601467132568 33
1741190787329 1.7648394107818604 34
1741190787329 1.7452675104141235 35
1741190787330 1.7358227968215942 36
1741190787330 1.7255570888519287 37
1741190787331 1.7056828737258911 38
1741190787331 1.6864055395126343 39
1741190787332 1.6762363910675049 40
1741190787332 1.6637940406799316 41
1741190787332 1.646650791168213 42
1741190787333 1.6357898712158203 43
1741190787333 1.631901741027832 44
1741190787334 1.6176550388336182 45
1741190787334 1.602828025817871 46
1741190787335 1.587304711341858 47
1741190787335 1.5827951431274414 48
1741190787336 1.569987177848816 49
1741190787336 1.5678963661193848 50
1741190787337 1.5562626123428345 51
1741190787337 1.5419055223464966 52
1741190787338 1.5362144708633423 53
1741190787338 1.5291389226913452 54
1741190787339 1.5207247734069824 55
1741190787339 1.5087566375732422 56
1741190787339 1.50065279006958 57
1741190787340 1.4995189905166626 58
1741190787340 1.4815542697906494 59
1741190787341 1.4839431047439575 60
1741190787341 1.4732069969177246 61
1741190787342 1.468340277671814 62
1741190787342 1.462672472000122 63
1741190787343 1.449023723602295 64
1741190787343 1.448833703994751 65
1741190787344 1.4412238597869873 66
1741190787344 1.4385955333709717 67
1741190787344 1.4327642917633057 68
1741190787345 1.4172563552856445 69
1741190787345 1.415137529373169 70
1741190787346 1.410206913948059 71
1741190787346 1.402449369430542 72
1741190787347 1.4043160676956177 73
1741190787347 1.4030416011810303 74
1741190787348 1.3874329328536987 75
1741190787348 1.3896363973617554 76
1741190787349 1.377220630645752 77
1741190787349 1.3741481304168701 78
1741190787349 1.3753173351287842 79
1741190787350 1.3727257251739502 80
1741190787350 1.363337516784668 81
1741190787351 1.3565716743469238 82
1741190787351 1.3527896404266357 83
1741190787352 1.356110692024231 84
1741190787352 1.3422988653182983 85
1741190787353 1.3418794870376587 86
1741190787353 1.3422741889953613 87
1741190787354 1.331944465637207 88
1741190787354 1.3354445695877075 89
1741190787355 1.3277283906936646 90
1741190787355 1.3196338415145874 91
1741190787355 1.3230984210968018 92
1741190787356 1.317613959312439 93
1741190787356 1.3202764987945557 94
1741190787357 1.3045735359191895 95
1741190787357 1.3038052320480347 96
1741190787358 1.3007880449295044 97
1741190787358 1.2974567413330078 98
1741190787359 1.2981752157211304 99
1741190787359 1.290634274482727 100
1741190787360 1.2885981798171997 101
1741190787360 1.2806644439697266 102
1741190787361 1.2813445329666138 103
1741190787361 1.2781418561935425 104
1741190787362 1.2810277938842773 105
1741190787362 1.2740966081619263 106
1741190787362 1.269124984741211 107
1741190787363 1.270216941833496 108
1741190787363 1.2691649198532104 109
1741190787364 1.2616667747497559 110
1741190787364 1.2599936723709106 111
1741190787365 1.255047082901001 112
1741190787365 1.2503734827041626 113
1741190787366 1.2520661354064941 114
1741190787366 1.2481390237808228 115
1741190787367 1.245316982269287 116
1741190787367 1.2415069341659546 117
1741190787367 1.2317618131637573 118
1741190787368 1.2422585487365723 119
1741190787368 1.2273067235946655 120
1741190787369 1.2363760471343994 121
1741190787369 1.231988549232483 122
1741190787370 1.2254499197006226 123
1741190787370 1.224295973777771 124
1741190787371 1.219829797744751 125
1741190787371 1.219675898551941 126
1741190787372 1.2081211805343628 127
1741190787372 1.2116172313690186 128
1741190787373 1.2106584310531616 129
1741190787373 1.2090396881103516 130
1741190787373 1.2091847658157349 131
1741190787374 1.2055752277374268 132
1741190787374 1.2090951204299927 133
1741190787375 1.2015880346298218 134
1741190787375 1.2009929418563843 135
1741190787376 1.2009412050247192 136
1741190787376 1.1919864416122437 137
1741190787377 1.1946394443511963 138
1741190787377 1.1913487911224365 139
1741190787378 1.1955280303955078 140
1741190787378 1.1846530437469482 141
1741190787379 1.1851704120635986 142
1741190787379 1.1855775117874146 143
1741190787379 1.1870959997177124 144
1741190787380 1.1796690225601196 145
1741190787380 1.180059790611267 146
1741190787381 1.176828384399414 147
1741190787381 1.1830474138259888 148
1741190787382 1.1750373840332031 149
1741190787382 1.1713099479675293 150
1741190787383 1.1701970100402832 151
1741190787383 1.17208993434906 152
1741190787384 1.165206789970398 153
1741190787384 1.1660311222076416 154
1741190787385 1.1654350757598877 155
1741190787385 1.1645420789718628 156
1741190787385 1.1582638025283813 157
1741190787386 1.1649811267852783 158
1741190787386 1.1587175130844116 159
1741190787387 1.15919029712677 160
1741190787387 1.1541942358016968 161
1741190787388 1.1505130529403687 162
1741190787388 1.1512501239776611 163
1741190787389 1.1478404998779297 164
1741190787389 1.152586579322815 165
1741190787389 1.1444755792617798 166
1741190787390 1.1440831422805786 167
1741190787390 1.1461693048477173 168
1741190787391 1.1420354843139648 169
1741190787391 1.1456215381622314 170
1741190787392 1.1425002813339233 171
1741190787392 1.1374644041061401 172
1741190787393 1.1405543088912964 173
1741190787393 1.1369422674179077 174
1741190787394 1.135010838508606 175
1741190787394 1.1361323595046997 176
1741190787394 1.136954426765442 177
1741190787395 1.1338921785354614 178
1741190787395 1.1279571056365967 179
1741190787396 1.1301413774490356 180
1741190787396 1.127382516860962 181
1741190787397 1.132155418395996 182
1741190787397 1.130120873451233 183
1741190787398 1.122995138168335 184
1741190787398 1.1216135025024414 185
1741190787399 1.1245384216308594 186
1741190787399 1.120622992515564 187
1741190787400 1.1206246614456177 188
1741190787400 1.115253210067749 189
1741190787400 1.1136497259140015 190
1741190787401 1.1132601499557495 191
1741190787401 1.1188215017318726 192
1741190787402 1.1030343770980835 193
1741190787402 1.1143059730529785 194
1741190787403 1.117299199104309 195
1741190787403 1.1109527349472046 196
1741190787404 1.1117315292358398 197
1741190787404 1.1063538789749146 198
1741190787404 1.1127427816390991 199
