1741119531251 0.10086718946695328 0
1741119531252 0.2127656191587448 1
1741119531252 0.2837187647819519 2
1741119531253 0.33909374475479126 3
1741119531253 0.3789375126361847 4
1741119531253 0.4076171815395355 5
1741119531254 0.4301718771457672 6
1741119531254 0.45167967677116394 7
1741119531255 0.4721406102180481 8
1741119531255 0.48595312237739563 9
1741119531256 0.4955781102180481 10
1741119531256 0.5105000138282776 11
1741119531256 0.5204452872276306 12
1741119531257 0.5282343626022339 13
1741119531257 0.5347343683242798 14
1741119531258 0.5432265400886536 15
1741119531258 0.5513359308242798 16
1741119531259 0.5562031269073486 17
1741119531259 0.5638203024864197 18
1741119531260 0.568960964679718 19
1741119531260 0.5726953148841858 20
1741119531260 0.5785234570503235 21
1741119531261 0.5825546979904175 22
1741119531261 0.5853984355926514 23
1741119531262 0.5875937342643738 24
1741119531262 0.5920078158378601 25
1741119531262 0.5963125228881836 26
1741119531263 0.6002812385559082 27
1741119531263 0.6044374704360962 28
1741119531264 0.6058046817779541 29
1741119531264 0.6086797118186951 30
1741119531265 0.6081796884536743 31
1741119531265 0.6151484251022339 32
1741119531265 0.6170859336853027 33
1741119531266 0.6175781488418579 34
1741119531266 0.6201719045639038 35
1741119531267 0.6215078234672546 36
1741119531267 0.6222500205039978 37
1741119531267 0.6245859265327454 38
1741119531268 0.6281718611717224 39
1741119531268 0.628976583480835 40
1741119531269 0.6298750042915344 41
1741119531269 0.6341249942779541 42
1741119531269 0.6363202929496765 43
1741119531270 0.6357421875 44
1741119531270 0.6362031102180481 45
1741119531271 0.6410781145095825 46
1741119531271 0.6421250104904175 47
1741119531272 0.6443671584129333 48
1741119531272 0.6456015706062317 49
1741119531272 0.6440625190734863 50
1741119531273 0.646679699420929 51
1741119531273 0.6461562514305115 52
1741119531274 0.6484531164169312 53
1741119531274 0.6498281359672546 54
1741119531274 0.6486718654632568 55
1741119531275 0.652945339679718 56
1741119531275 0.6547265648841858 57
1741119531276 0.655203104019165 58
1741119531276 0.6572187542915344 59
1741119531277 0.6563047170639038 60
1741119531277 0.6588827967643738 61
1741119531277 0.6584843993186951 62
1741119531278 0.6595781445503235 63
1741119531278 0.6600000262260437 64
1741119531279 0.6597968935966492 65
1741119531279 0.6618906259536743 66
1741119531279 0.6658124923706055 67
1741119531280 0.6612890362739563 68
1741119531280 0.6654765605926514 69
1741119531281 0.6659765839576721 70
1741119531281 0.6681015491485596 71
1741119531281 0.668093740940094 72
1741119531282 0.6679062247276306 73
1741119531282 0.6683750152587891 74
1741119531283 0.6692578196525574 75
1741119531283 0.6703437566757202 76
1741119531283 0.6732187271118164 77
1741119531284 0.6729062795639038 78
1741119531284 0.6720547080039978 79
1741119531285 0.6756484508514404 80
1741119531285 0.6738203167915344 81
1741119531286 0.6750078201293945 82
1741119531286 0.6740468740463257 83
1741119531286 0.6750937700271606 84
1741119531287 0.6777577996253967 85
1741119531287 0.6769297122955322 86
1741119531288 0.6773828268051147 87
1741119531288 0.6780390739440918 88
1741119531288 0.6812577843666077 89
1741119531289 0.6806874871253967 90
1741119531289 0.6819140911102295 91
1741119531290 0.6809375286102295 92
1741119531290 0.6805546879768372 93
1741119531290 0.6811093688011169 94
1741119531291 0.6835547089576721 95
1741119531291 0.6824062466621399 96
1741119531292 0.6841718554496765 97
1741119531292 0.6831015348434448 98
1741119531292 0.6853125095367432 99
1741119531293 0.6878906488418579 100
1741119531293 0.687820315361023 101
1741119531294 0.6875625252723694 102
1741119531294 0.6866093873977661 103
1741119531294 0.687304675579071 104
1741119531295 0.6881172060966492 105
1741119531295 0.6876875162124634 106
1741119531296 0.6894140839576721 107
1741119531296 0.6902655959129333 108
1741119531296 0.6903359293937683 109
1741119531297 0.6904453039169312 110
1741119531297 0.6912187337875366 111
1741119531298 0.6910468935966492 112
1741119531298 0.6889687776565552 113
1741119531299 0.6922187209129333 114
1741119531299 0.6915156245231628 115
1741119531299 0.694210946559906 116
1741119531300 0.6934609413146973 117
1741119531300 0.6948046684265137 118
1741119531301 0.6939218640327454 119
1741119531301 0.6942734122276306 120
1741119531301 0.6951562762260437 121
1741119531302 0.6951797008514404 122
1741119531302 0.6961953043937683 123
1741119531303 0.6975625157356262 124
1741119531303 0.6959062218666077 125
1741119531303 0.697515606880188 126
1741119531304 0.6991328001022339 127
1741119531304 0.6961484551429749 128
1741119531305 0.6956406235694885 129
1741119531305 0.6994374990463257 130
1741119531305 0.6997578144073486 131
1741119531306 0.7006640434265137 132
1741119531306 0.7002265453338623 133
1741119531307 0.7031328082084656 134
1741119531307 0.7011406421661377 135
1741119531307 0.7020390629768372 136
1741119531308 0.7006718516349792 137
1741119531308 0.7023125290870667 138
1741119531309 0.7013906240463257 139
1741119531309 0.7028906345367432 140
1741119531309 0.7029452919960022 141
1741119531310 0.7044140696525574 142
1741119531310 0.7024531364440918 143
1741119531311 0.7055312395095825 144
1741119531311 0.7049453258514404 145
1741119531311 0.7054296731948853 146
1741119531312 0.7036484479904175 147
1741119531312 0.7048515677452087 148
1741119531313 0.7070078253746033 149
1741119531313 0.7066406011581421 150
1741119531313 0.7067343592643738 151
1741119531314 0.7090390920639038 152
1741119531314 0.7066718935966492 153
1741119531315 0.70703125 154
1741119531315 0.7082343697547913 155
1741119531316 0.7082421779632568 156
1741119531316 0.7103906273841858 157
1741119531316 0.7076171636581421 158
1741119531317 0.7107187509536743 159
1741119531317 0.7083906531333923 160
1741119531318 0.7113046646118164 161
1741119531318 0.7084531188011169 162
1741119531318 0.7093437314033508 163
1741119531319 0.7104062438011169 164
1741119531319 0.7126015424728394 165
1741119531320 0.7080625295639038 166
1741119531320 0.7121875286102295 167
1741119531320 0.710812509059906 168
1741119531321 0.7109140753746033 169
1741119531321 0.7136796712875366 170
1741119531322 0.7114297151565552 171
1741119531322 0.7135000228881836 172
1741119531322 0.7133437395095825 173
1741119531323 0.7107265591621399 174
1741119531323 0.71484375 175
1741119531324 0.7132187485694885 176
1741119531324 0.7108984589576721 177
1741119531325 0.7125937342643738 178
1741119531325 0.7138593792915344 179
1741119531325 0.7133515477180481 180
1741119531326 0.7131327986717224 181
1741119531326 0.7146250009536743 182
1741119531327 0.7124999761581421 183
1741119531327 0.7165547013282776 184
1741119531327 0.7165625095367432 185
1741119531328 0.7170000076293945 186
1741119531328 0.7156015634536743 187
1741119531329 0.7156327962875366 188
1741119531329 0.7158671617507935 189
1741119531329 0.7167656421661377 190
1741119531330 0.714468777179718 191
1741119531330 0.7179140448570251 192
1741119531331 0.7162031531333923 193
1741119531331 0.7164062261581421 194
1741119531331 0.717578113079071 195
1741119531332 0.7182421684265137 196
1741119531332 0.7163515686988831 197
1741119531333 0.7184687256813049 198
1741119531333 0.7161718606948853 199
1741119531333 0.7191484570503235 200
1741119531334 0.7192734479904175 201
1741119531334 0.7160234451293945 202
1741119531335 0.720507800579071 203
1741119531335 0.7192812561988831 204
1741119531335 0.7199375033378601 205
1741119531336 0.7187031507492065 206
1741119531336 0.7176406383514404 207
1741119531337 0.7220625281333923 208
1741119531337 0.7197499871253967 209
1741119531337 0.7194530963897705 210
1741119531338 0.7176562547683716 211
1741119531338 0.7217578291893005 212
1741119531339 0.7206093668937683 213
1741119531339 0.7202109098434448 214
1741119531339 0.7211796641349792 215
1741119531340 0.721359372138977 216
1741119531340 0.720773458480835 217
1741119531341 0.7203437685966492 218
1741119531341 0.7215234637260437 219
1741119531341 0.7218437790870667 220
1741119531342 0.7230547070503235 221
1741119531342 0.7201328277587891 222
1741119531343 0.7226484417915344 223
1741119531343 0.7222499847412109 224
1741119531344 0.7232968807220459 225
1741119531344 0.7215155959129333 226
1741119531344 0.7214765548706055 227
1741119531345 0.7226328253746033 228
1741119531345 0.7257421612739563 229
1741119531346 0.7230937480926514 230
1741119531346 0.7228749990463257 231
1741119531346 0.7242031097412109 232
1741119531347 0.7257343530654907 233
1741119531347 0.723828136920929 234
1741119531348 0.7243672013282776 235
1741119531348 0.7242500185966492 236
1741119531348 0.7243750095367432 237
1741119531349 0.7277265787124634 238
1741119531349 0.7244687676429749 239
1741119531350 0.7250937223434448 240
1741119531350 0.7241328358650208 241
1741119531350 0.7247031331062317 242
1741119531351 0.7224921584129333 243
1741119531351 0.7255547046661377 244
1741119531352 0.7254921793937683 245
1741119531352 0.726242184638977 246
1741119531352 0.7275390625 247
1741119531353 0.7244452834129333 248
1741119531353 0.7240703105926514 249
1741119531354 0.7272343635559082 250
1741119531354 0.7266250252723694 251
1741119531354 0.7266718745231628 252
1741119531355 0.7266484498977661 253
1741119531355 0.7275468707084656 254
1741119531356 0.7260312438011169 255
1741119531356 0.7271562218666077 256
1741119531356 0.7263984084129333 257
1741119531357 0.7263984084129333 258
1741119531357 0.7281249761581421 259
1741119531358 0.7264531254768372 260
1741119531358 0.7275234460830688 261
1741119531358 0.7276796698570251 262
1741119531359 0.7278437614440918 263
1741119531359 0.7276484370231628 264
1741119531360 0.7267343997955322 265
1741119531360 0.7285312414169312 266
1741119531360 0.7293750047683716 267
1741119531361 0.7291406393051147 268
1741119531361 0.7285546660423279 269
1741119531362 0.7297187447547913 270
1741119531362 0.7286328077316284 271
1741119531362 0.7280703186988831 272
1741119531363 0.7325312495231628 273
1741119531363 0.7299218773841858 274
1741119531364 0.7283046841621399 275
1741119531364 0.7289999723434448 276
1741119531364 0.7300468683242798 277
1741119531365 0.7297890782356262 278
1741119531365 0.7295390367507935 279
1741119531366 0.7294999957084656 280
1741119531366 0.7294374704360962 281
1741119531366 0.7299922108650208 282
1741119531367 0.7287968993186951 283
1741119531367 0.7280703186988831 284
1741119531368 0.7311093807220459 285
1741119531368 0.7306328415870667 286
1741119531369 0.7299765348434448 287
1741119531369 0.7305703163146973 288
1741119531369 0.7316250205039978 289
1741119531370 0.7305859327316284 290
1741119531370 0.7301015853881836 291
1741119531371 0.7313047051429749 292
1741119531371 0.7312109470367432 293
1741119531371 0.7317968606948853 294
1741119531372 0.7293828129768372 295
1741119531372 0.7314453125 296
1741119531372 0.7317812442779541 297
1741119531373 0.7322890758514404 298
1741119531373 0.7320859432220459 299
1741119531374 0.7313515543937683 300
1741119531374 0.7319687604904175 301
1741119531374 0.7335625290870667 302
1741119531375 0.732742190361023 303
1741119531375 0.735031247138977 304
1741119531376 0.7315624952316284 305
1741119531376 0.7319765686988831 306
1741119531376 0.7324687242507935 307
1741119531377 0.7303828001022339 308
1741119531377 0.7331406474113464 309
1741119531378 0.7329453229904175 310
1741119531378 0.732351541519165 311
1741119531379 0.7345156073570251 312
1741119531379 0.7335390448570251 313
1741119531379 0.7315859198570251 314
1741119531380 0.7340859174728394 315
1741119531380 0.7328125238418579 316
1741119531380 0.7336719036102295 317
1741119531381 0.7344375252723694 318
1741119531381 0.7325078248977661 319
1741119531382 0.7338047027587891 320
1741119531382 0.7334765791893005 321
1741119531382 0.7350546717643738 322
1741119531383 0.7332968711853027 323
1741119531383 0.7334218621253967 324
1741119531384 0.7315000295639038 325
1741119531384 0.7350000143051147 326
1741119531384 0.7347734570503235 327
1741119531385 0.7354062795639038 328
1741119531385 0.7344375252723694 329
1741119531386 0.7342734336853027 330
1741119531386 0.7347578406333923 331
1741119531387 0.7355703115463257 332
1741119531387 0.7354921698570251 333
1741119531387 0.7363828420639038 334
1741119531388 0.7355781197547913 335
1741119531388 0.7346171736717224 336
1741119531389 0.7358906269073486 337
1741119531389 0.7355077862739563 338
1741119531389 0.7345312237739563 339
1741119531390 0.7357656359672546 340
1741119531390 0.735476553440094 341
1741119531391 0.7367421984672546 342
1741119531391 0.7363359332084656 343
1741119531391 0.7348828315734863 344
1741119531392 0.7372421622276306 345
1741119531392 0.7369218468666077 346
1741119531392 0.7376171946525574 347
1741119531393 0.7370077967643738 348
1741119531393 0.7373359203338623 349
1741119531394 0.7344765663146973 350
1741119531394 0.7354062795639038 351
1741119531395 0.7385156154632568 352
1741119531395 0.7378125190734863 353
1741119531395 0.7374765872955322 354
1741119531396 0.7363047003746033 355
1741119531396 0.7366562485694885 356
1741119531397 0.7371015548706055 357
1741119531397 0.7353359460830688 358
1741119531397 0.7378125190734863 359
1741119531398 0.7342812418937683 360
1741119531398 0.7377578020095825 361
1741119531399 0.7365937232971191 362
1741119531399 0.7385234236717224 363
1741119531399 0.7364218831062317 364
1741119531400 0.7399765849113464 365
1741119531400 0.7363515496253967 366
1741119531400 0.7358046770095825 367
1741119531401 0.7371171712875366 368
1741119531401 0.7398437261581421 369
1741119531402 0.7388203144073486 370
1741119531402 0.7370234131813049 371
1741119531403 0.7394062280654907 372
1741119531403 0.7393749952316284 373
1741119531403 0.7380077838897705 374
1741119531404 0.7375781536102295 375
1741119531404 0.738601565361023 376
1741119531404 0.7397656440734863 377
1741119531405 0.738937497138977 378
1741119531405 0.7389296889305115 379
1741119531406 0.7390312552452087 380
1741119531406 0.7377656102180481 381
1741119531406 0.740554690361023 382
1741119531407 0.740484356880188 383
1741119531407 0.7384921908378601 384
1741119531408 0.7411797046661377 385
1741119531408 0.739187479019165 386
1741119531408 0.7389062643051147 387
1741119531409 0.7391640543937683 388
1741119531409 0.7407109141349792 389
1741119531410 0.7387812733650208 390
1741119531410 0.7393984198570251 391
1741119531410 0.7393437623977661 392
1741119531411 0.7392812371253967 393
1741119531411 0.7404531240463257 394
1741119531412 0.7402031421661377 395
1741119531412 0.7424140572547913 396
1741119531412 0.7402187585830688 397
1741119531413 0.7409843802452087 398
1741119531413 0.7401796579360962 399
1741119531414 0.7393203377723694 400
1741119531414 0.7407812476158142 401
1741119531414 0.739062488079071 402
1741119531415 0.7409296631813049 403
1741119531415 0.7407109141349792 404
1741119531416 0.7389453053474426 405
1741119531416 0.7405234575271606 406
1741119531416 0.7420156002044678 407
1741119531417 0.7407265901565552 408
1741119531417 0.7396562695503235 409
1741119531418 0.7409062385559082 410
1741119531418 0.7405859231948853 411
1741119531418 0.7431093454360962 412
1741119531419 0.7413437366485596 413
1741119531419 0.7422812581062317 414
1741119531420 0.7405078411102295 415
1741119531420 0.7422187328338623 416
1741119531420 0.7408515810966492 417
1741119531421 0.7425781488418579 418
1741119531421 0.7430781126022339 419
1741119531422 0.7407968640327454 420
1741119531422 0.7408202886581421 421
1741119531422 0.7434765696525574 422
1741119531423 0.7405781149864197 423
1741119531423 0.7424296736717224 424
1741119531424 0.7415546774864197 425
1741119531424 0.7433984279632568 426
1741119531424 0.7426875233650208 427
1741119531425 0.7432734370231628 428
1741119531425 0.7424062490463257 429
1741119531426 0.7435156106948853 430
1741119531426 0.7433671951293945 431
1741119531426 0.7422422170639038 432
1741119531427 0.7409999966621399 433
1741119531427 0.7421640753746033 434
1741119531428 0.742062509059906 435
1741119531428 0.7437577843666077 436
1741119531428 0.7444218993186951 437
1741119531429 0.7447578310966492 438
1741119531429 0.7422265410423279 439
1741119531430 0.7428827881813049 440
1741119531430 0.7433359622955322 441
1741119531430 0.7422734498977661 442
1741119531431 0.7440859079360962 443
1741119531431 0.7432734370231628 444
1741119531432 0.7433984279632568 445
1741119531432 0.7421015501022339 446
1741119531432 0.7443125247955322 447
1741119531433 0.7446796894073486 448
1741119531433 0.7418437600135803 449
1741119531434 0.7430312633514404 450
1741119531434 0.7455312609672546 451
1741119531434 0.7437968850135803 452
1741119531435 0.7430156469345093 453
1741119531435 0.7462343573570251 454
1741119531436 0.7430234551429749 455
1741119531436 0.7447656393051147 456
1741119531436 0.7444218993186951 457
1741119531437 0.7437890768051147 458
1741119531437 0.7454609274864197 459
1741119531438 0.7418906092643738 460
1741119531438 0.7441015839576721 461
1741119531438 0.7431796789169312 462
1741119531439 0.7466874718666077 463
1741119531439 0.7429531216621399 464
1741119531440 0.7449530959129333 465
1741119531440 0.7451015710830688 466
1741119531440 0.7456874847412109 467
1741119531441 0.745046854019165 468
1741119531441 0.7417109608650208 469
1741119531442 0.7454843521118164 470
1741119531442 0.7473046779632568 471
1741119531442 0.7440390586853027 472
1741119531443 0.7446640729904175 473
1741119531443 0.7448828220367432 474
1741119531444 0.747390627861023 475
1741119531444 0.7466250061988831 476
1741119531444 0.746289074420929 477
1741119531445 0.7449530959129333 478
1741119531445 0.7455468773841858 479
1741119531446 0.7472187280654907 480
1741119531446 0.7452499866485596 481
1741119531446 0.7443827986717224 482
1741119531447 0.7445625066757202 483
1741119531447 0.7458906173706055 484
1741119531448 0.7460859417915344 485
1741119531448 0.7457890510559082 486
1741119531448 0.7457422018051147 487
1741119531449 0.7440859079360962 488
1741119531449 0.7440234422683716 489
1741119531450 0.746289074420929 490
1741119531450 0.7453281283378601 491
1741119531450 0.7440078258514404 492
1741119531451 0.7451953291893005 493
1741119531451 0.7465624809265137 494
1741119531452 0.7467734217643738 495
1741119531452 0.7476640343666077 496
1741119531452 0.7472812533378601 497
1741119531453 0.7449140548706055 498
1741119531453 0.7469140887260437 499
