1741119531251 3.5124101638793945 0
1741119531252 2.9616036415100098 1
1741119531252 2.6608071327209473 2
1741119531253 2.439011812210083 3
1741119531253 2.2858946323394775 4
1741119531253 2.172351360321045 5
1741119531254 2.0842182636260986 6
1741119531254 2.008355140686035 7
1741119531255 1.9369813203811646 8
1741119531255 1.8826884031295776 9
1741119531256 1.840842604637146 10
1741119531256 1.79141104221344 11
1741119531256 1.753931999206543 12
1741119531257 1.7228937149047852 13
1741119531257 1.6963310241699219 14
1741119531258 1.6691484451293945 15
1741119531258 1.6410260200500488 16
1741119531259 1.6219381093978882 17
1741119531259 1.605286955833435 18
1741119531260 1.5796940326690674 19
1741119531260 1.5675041675567627 20
1741119531260 1.5487333536148071 21
1741119531261 1.5268229246139526 22
1741119531261 1.5170308351516724 23
1741119531262 1.5074527263641357 24
1741119531262 1.4946681261062622 25
1741119531262 1.4801808595657349 26
1741119531263 1.4672887325286865 27
1741119531263 1.4573973417282104 28
1741119531264 1.4442435503005981 29
1741119531264 1.4413496255874634 30
1741119531265 1.4370499849319458 31
1741119531265 1.4125999212265015 32
1741119531265 1.4075875282287598 33
1741119531266 1.4058198928833008 34
1741119531266 1.3981678485870361 35
1741119531267 1.39408540725708 36
1741119531267 1.3863378763198853 37
1741119531267 1.3783410787582397 38
1741119531268 1.3689513206481934 39
1741119531268 1.3678914308547974 40
1741119531269 1.3627091646194458 41
1741119531269 1.344355821609497 42
1741119531269 1.3435347080230713 43
1741119531270 1.3372093439102173 44
1741119531270 1.3365583419799805 45
1741119531271 1.319286584854126 46
1741119531271 1.3193010091781616 47
1741119531272 1.3155258893966675 48
1741119531272 1.3058173656463623 49
1741119531272 1.3142993450164795 50
1741119531273 1.3024314641952515 51
1741119531273 1.3073153495788574 52
1741119531274 1.2930271625518799 53
1741119531274 1.2988860607147217 54
1741119531274 1.2927026748657227 55
1741119531275 1.2797844409942627 56
1741119531275 1.2771203517913818 57
1741119531276 1.2757750749588013 58
1741119531276 1.2709864377975464 59
1741119531277 1.267038106918335 60
1741119531277 1.2624627351760864 61
1741119531277 1.2613040208816528 62
1741119531278 1.2584573030471802 63
1741119531278 1.2566301822662354 64
1741119531279 1.2507026195526123 65
1741119531279 1.24920654296875 66
1741119531279 1.2343484163284302 67
1741119531280 1.248942494392395 68
1741119531280 1.2462226152420044 69
1741119531281 1.2327971458435059 70
1741119531281 1.2327854633331299 71
1741119531281 1.2269409894943237 72
1741119531282 1.2311851978302002 73
1741119531282 1.2246901988983154 74
1741119531283 1.2210172414779663 75
1741119531283 1.2129793167114258 76
1741119531283 1.2088948488235474 77
1741119531284 1.2133419513702393 78
1741119531284 1.2091928720474243 79
1741119531285 1.2025582790374756 80
1741119531285 1.2051112651824951 81
1741119531286 1.2013298273086548 82
1741119531286 1.203893780708313 83
1741119531286 1.2063219547271729 84
1741119531287 1.1952884197235107 85
1741119531287 1.194946050643921 86
1741119531288 1.1928824186325073 87
1741119531288 1.1899470090866089 88
1741119531288 1.180740237236023 89
1741119531289 1.1859815120697021 90
1741119531289 1.1758893728256226 91
1741119531290 1.1831904649734497 92
1741119531290 1.1778762340545654 93
1741119531290 1.1774442195892334 94
1741119531291 1.1761417388916016 95
1741119531291 1.1765034198760986 96
1741119531292 1.1668587923049927 97
1741119531292 1.173444390296936 98
1741119531292 1.1698832511901855 99
1741119531293 1.1594001054763794 100
1741119531293 1.1564630270004272 101
1741119531294 1.1598427295684814 102
1741119531294 1.1608998775482178 103
1741119531294 1.1585711240768433 104
1741119531295 1.15794837474823 105
1741119531295 1.1568785905838013 106
1741119531296 1.148827314376831 107
1741119531296 1.151033639907837 108
1741119531296 1.1522480249404907 109
1741119531297 1.149185061454773 110
1741119531297 1.152649998664856 111
1741119531298 1.145440697669983 112
1741119531298 1.146775484085083 113
1741119531299 1.139829158782959 114
1741119531299 1.144566297531128 115
1741119531299 1.1400030851364136 116
1741119531300 1.1423972845077515 117
1741119531300 1.138550043106079 118
1741119531301 1.1396262645721436 119
1741119531301 1.1368248462677002 120
1741119531301 1.133849859237671 121
1741119531302 1.1382193565368652 122
1741119531302 1.1303095817565918 123
1741119531303 1.1266390085220337 124
1741119531303 1.1278495788574219 125
1741119531303 1.1274672746658325 126
1741119531304 1.123231291770935 127
1741119531304 1.1315933465957642 128
1741119531305 1.1308867931365967 129
1741119531305 1.1179699897766113 130
1741119531305 1.1151607036590576 131
1741119531306 1.1185636520385742 132
1741119531306 1.118052363395691 133
1741119531307 1.1045647859573364 134
1741119531307 1.112438440322876 135
1741119531307 1.1153184175491333 136
1741119531308 1.1140501499176025 137
1741119531308 1.1147500276565552 138
1741119531309 1.1107715368270874 139
1741119531309 1.1083661317825317 140
1741119531309 1.1114436388015747 141
1741119531310 1.1073356866836548 142
1741119531310 1.1077134609222412 143
1741119531311 1.0994274616241455 144
1741119531311 1.1008363962173462 145
1741119531311 1.1038323640823364 146
1741119531312 1.1018104553222656 147
1741119531312 1.0996849536895752 148
1741119531313 1.0932105779647827 149
1741119531313 1.0956215858459473 150
1741119531313 1.0942251682281494 151
1741119531314 1.0923023223876953 152
1741119531314 1.0979231595993042 153
1741119531315 1.0946838855743408 154
1741119531315 1.0929094552993774 155
1741119531316 1.0894553661346436 156
1741119531316 1.0823208093643188 157
1741119531316 1.095804214477539 158
1741119531317 1.0859936475753784 159
1741119531317 1.0873335599899292 160
1741119531318 1.079420804977417 161
1741119531318 1.086689829826355 162
1741119531318 1.0818634033203125 163
1741119531319 1.081951379776001 164
1741119531319 1.0757384300231934 165
1741119531320 1.0904181003570557 166
1741119531320 1.08017897605896 167
1741119531320 1.0824569463729858 168
1741119531321 1.0836783647537231 169
1741119531321 1.072861671447754 170
1741119531322 1.0773452520370483 171
1741119531322 1.0715293884277344 172
1741119531322 1.0726064443588257 173
1741119531323 1.0815855264663696 174
1741119531323 1.0616518259048462 175
1741119531324 1.0742567777633667 176
1741119531324 1.077131748199463 177
1741119531325 1.0690675973892212 178
1741119531325 1.0674848556518555 179
1741119531325 1.0669620037078857 180
1741119531326 1.0735355615615845 181
1741119531326 1.0632833242416382 182
1741119531327 1.0783348083496094 183
1741119531327 1.0622014999389648 184
1741119531327 1.0616556406021118 185
1741119531328 1.0636364221572876 186
1741119531328 1.0631765127182007 187
1741119531329 1.0627409219741821 188
1741119531329 1.0667513608932495 189
1741119531329 1.0629209280014038 190
1741119531330 1.066335916519165 191
1741119531330 1.0590375661849976 192
1741119531331 1.0621789693832397 193
1741119531331 1.0601308345794678 194
1741119531331 1.0556788444519043 195
1741119531332 1.0510212182998657 196
1741119531332 1.0650053024291992 197
1741119531333 1.0509998798370361 198
1741119531333 1.05754554271698 199
1741119531333 1.0577688217163086 200
1741119531334 1.0484143495559692 201
1741119531334 1.0568976402282715 202
1741119531335 1.0470458269119263 203
1741119531335 1.0445612668991089 204
1741119531335 1.0451184511184692 205
1741119531336 1.055825114250183 206
1741119531336 1.0557427406311035 207
1741119531337 1.0434743165969849 208
1741119531337 1.0460906028747559 209
1741119531337 1.0420341491699219 210
1741119531338 1.0554546117782593 211
1741119531338 1.0462058782577515 212
1741119531339 1.0474188327789307 213
1741119531339 1.0457664728164673 214
1741119531339 1.0475196838378906 215
1741119531340 1.0440183877944946 216
1741119531340 1.0440971851348877 217
1741119531341 1.047922134399414 218
1741119531341 1.043808937072754 219
1741119531341 1.0444064140319824 220
1741119531342 1.0329968929290771 221
1741119531342 1.048137903213501 222
1741119531343 1.0404490232467651 223
1741119531343 1.0368545055389404 224
1741119531344 1.0373544692993164 225
1741119531344 1.0411702394485474 226
1741119531344 1.044716477394104 227
1741119531345 1.0360981225967407 228
1741119531345 1.0348130464553833 229
1741119531346 1.0405282974243164 230
1741119531346 1.0401504039764404 231
1741119531346 1.0336546897888184 232
1741119531347 1.0296016931533813 233
1741119531347 1.038435697555542 234
1741119531348 1.0313129425048828 235
1741119531348 1.0346862077713013 236
1741119531348 1.0375049114227295 237
1741119531349 1.02761709690094 238
1741119531349 1.0302270650863647 239
1741119531350 1.0313427448272705 240
1741119531350 1.0356978178024292 241
1741119531350 1.0314127206802368 242
1741119531351 1.0394281148910522 243
1741119531351 1.0265337228775024 244
1741119531352 1.03318452835083 245
1741119531352 1.028221845626831 246
1741119531352 1.0257461071014404 247
1741119531353 1.0299984216690063 248
1741119531353 1.036961317062378 249
1741119531354 1.0228822231292725 250
1741119531354 1.0326120853424072 251
1741119531354 1.0312706232070923 252
1741119531355 1.0272166728973389 253
1741119531355 1.025641679763794 254
1741119531356 1.0313671827316284 255
1741119531356 1.0218093395233154 256
1741119531356 1.0309091806411743 257
1741119531357 1.0262818336486816 258
1741119531357 1.0178171396255493 259
1741119531358 1.0257737636566162 260
1741119531358 1.0185576677322388 261
1741119531358 1.0240987539291382 262
1741119531359 1.019797921180725 263
1741119531359 1.023812174797058 264
1741119531360 1.0282797813415527 265
1741119531360 1.020394206047058 266
1741119531360 1.0164482593536377 267
1741119531361 1.0214779376983643 268
1741119531361 1.020883321762085 269
1741119531362 1.01862633228302 270
1741119531362 1.0220332145690918 271
1741119531362 1.0219385623931885 272
1741119531363 1.011053442955017 273
1741119531363 1.0159155130386353 274
1741119531364 1.0173372030258179 275
1741119531364 1.012913703918457 276
1741119531364 1.0152171850204468 277
1741119531365 1.0178148746490479 278
1741119531365 1.0113012790679932 279
1741119531366 1.0143600702285767 280
1741119531366 1.0190238952636719 281
1741119531366 1.0166633129119873 282
1741119531367 1.021726131439209 283
1741119531367 1.0194766521453857 284
1741119531368 1.0134882926940918 285
1741119531368 1.013706088066101 286
1741119531369 1.0110129117965698 287
1741119531369 1.007941484451294 288
1741119531369 1.0142803192138672 289
1741119531370 1.01236891746521 290
1741119531370 1.0133436918258667 291
1741119531371 1.0064359903335571 292
1741119531371 1.010903000831604 293
1741119531371 1.0045511722564697 294
1741119531372 1.0150593519210815 295
1741119531372 1.0046355724334717 296
1741119531372 1.011200189590454 297
1741119531373 1.0087263584136963 298
1741119531373 1.002124309539795 299
1741119531374 1.014208197593689 300
1741119531374 1.0081698894500732 301
1741119531374 1.0031698942184448 302
1741119531375 1.004568099975586 303
1741119531375 1.0009275674819946 304
1741119531376 1.0043491125106812 305
1741119531376 1.005408763885498 306
1741119531376 1.0042141675949097 307
1741119531377 1.0105195045471191 308
1741119531377 0.9994906783103943 309
1741119531378 1.0040770769119263 310
1741119531378 1.0069386959075928 311
1741119531379 1.003389596939087 312
1741119531379 1.0065690279006958 313
1741119531379 1.0025545358657837 314
1741119531380 0.9991308450698853 315
1741119531380 1.003638505935669 316
1741119531380 1.004855990409851 317
1741119531381 1.000047206878662 318
1741119531381 1.0023328065872192 319
1741119531382 1.001517653465271 320
1741119531382 1.0011639595031738 321
1741119531382 0.9990882277488708 322
1741119531383 1.0018173456192017 323
1741119531383 0.9996052980422974 324
1741119531384 1.0084322690963745 325
1741119531384 1.003602147102356 326
1741119531384 0.994545042514801 327
1741119531385 0.996245265007019 328
1741119531385 0.9972629547119141 329
1741119531386 1.001632809638977 330
1741119531386 1.000389814376831 331
1741119531387 0.9979301691055298 332
1741119531387 0.9966065883636475 333
1741119531387 0.9917420148849487 334
1741119531388 0.9950437545776367 335
1741119531388 0.9968010187149048 336
1741119531389 0.9950706362724304 337
1741119531389 0.9951935410499573 338
1741119531389 0.9945671558380127 339
1741119531390 0.9930052161216736 340
1741119531390 0.9962079524993896 341
1741119531391 0.9934725165367126 342
1741119531391 0.9854035973548889 343
1741119531391 0.9955822825431824 344
1741119531392 0.9919620156288147 345
1741119531392 0.9956358075141907 346
1741119531392 0.9906200766563416 347
1741119531393 0.9880354404449463 348
1741119531393 0.9910184741020203 349
1741119531394 0.9957281351089478 350
1741119531394 0.9962754249572754 351
1741119531395 0.9807953238487244 352
1741119531395 0.9889981150627136 353
1741119531395 0.9920013546943665 354
1741119531396 0.9886176586151123 355
1741119531396 0.9911818504333496 356
1741119531397 0.986535906791687 357
1741119531397 0.9957743287086487 358
1741119531397 0.9881536960601807 359
1741119531398 0.994284987449646 360
1741119531398 0.9869338870048523 361
1741119531399 0.9943219423294067 362
1741119531399 0.9829979538917542 363
1741119531399 0.9891932606697083 364
1741119531400 0.9809734225273132 365
1741119531400 0.989403486251831 366
1741119531400 0.9957531094551086 367
1741119531401 0.985417366027832 368
1741119531401 0.9796686172485352 369
1741119531402 0.9891955852508545 370
1741119531402 0.9881912469863892 371
1741119531403 0.9782928228378296 372
1741119531403 0.9878135919570923 373
1741119531403 0.9873172044754028 374
1741119531404 0.9863480925559998 375
1741119531404 0.9836887121200562 376
1741119531404 0.9835342168807983 377
1741119531405 0.9775490164756775 378
1741119531405 0.9863629341125488 379
1741119531406 0.9822825789451599 380
1741119531406 0.9897573590278625 381
1741119531406 0.9783636927604675 382
1741119531407 0.9815054535865784 383
1741119531407 0.9848423004150391 384
1741119531408 0.9785085320472717 385
1741119531408 0.9827883839607239 386
1741119531408 0.9790977835655212 387
1741119531409 0.9812562465667725 388
1741119531409 0.9796890020370483 389
1741119531410 0.9776796102523804 390
1741119531410 0.9822125434875488 391
1741119531410 0.9863508343696594 392
1741119531411 0.9815266132354736 393
1741119531411 0.9800781607627869 394
1741119531412 0.9830566644668579 395
1741119531412 0.9725271463394165 396
1741119531412 0.9806104302406311 397
1741119531413 0.9784935116767883 398
1741119531413 0.9770496487617493 399
1741119531414 0.9801431894302368 400
1741119531414 0.9780759215354919 401
1741119531414 0.9828184843063354 402
1741119531415 0.9762256145477295 403
1741119531415 0.9797781109809875 404
1741119531416 0.9830456376075745 405
1741119531416 0.9797565340995789 406
1741119531416 0.9740606546401978 407
1741119531417 0.9790383577346802 408
1741119531417 0.978324294090271 409
1741119531418 0.9830532670021057 410
1741119531418 0.9718283414840698 411
1741119531418 0.9723249077796936 412
1741119531419 0.9778321981430054 413
1741119531419 0.9733562469482422 414
1741119531420 0.9792395830154419 415
1741119531420 0.9732494354248047 416
1741119531420 0.974174439907074 417
1741119531421 0.9684622287750244 418
1741119531421 0.9746671319007874 419
1741119531422 0.9773232936859131 420
1741119531422 0.9724010825157166 421
1741119531422 0.9743366241455078 422
1741119531423 0.976986825466156 423
1741119531423 0.9723990559577942 424
1741119531424 0.9730795621871948 425
1741119531424 0.9647113084793091 426
1741119531424 0.9719287753105164 427
1741119531425 0.9672857522964478 428
1741119531425 0.9756999015808105 429
1741119531426 0.9690880179405212 430
1741119531426 0.9718783497810364 431
1741119531426 0.971133291721344 432
1741119531427 0.9718244075775146 433
1741119531427 0.9761518836021423 434
1741119531428 0.9654686450958252 435
1741119531428 0.9699135422706604 436
1741119531428 0.9686853289604187 437
1741119531429 0.9666977524757385 438
1741119531429 0.9736360311508179 439
1741119531430 0.9685797691345215 440
1741119531430 0.9684733748435974 441
1741119531430 0.9739065766334534 442
1741119531431 0.969767689704895 443
1741119531431 0.9683801531791687 444
1741119531432 0.9610748291015625 445
1741119531432 0.9732459783554077 446
1741119531432 0.9674785733222961 447
1741119531433 0.9645966291427612 448
1741119531433 0.9712082743644714 449
1741119531434 0.97115159034729 450
1741119531434 0.9628186821937561 451
1741119531434 0.9647173881530762 452
1741119531435 0.9657570123672485 453
1741119531435 0.9633333086967468 454
1741119531436 0.9687200784683228 455
1741119531436 0.9615364670753479 456
1741119531436 0.964530885219574 457
1741119531437 0.96486496925354 458
1741119531437 0.9633179903030396 459
1741119531438 0.9688054919242859 460
1741119531438 0.9655240774154663 461
1741119531438 0.9700708985328674 462
1741119531439 0.9537312984466553 463
1741119531439 0.9731168746948242 464
1741119531440 0.9654972553253174 465
1741119531440 0.9610068798065186 466
1741119531440 0.9608414173126221 467
1741119531441 0.9560739398002625 468
1741119531441 0.9691712260246277 469
1741119531442 0.9600940942764282 470
1741119531442 0.9577459692955017 471
1741119531442 0.9653854966163635 472
1741119531443 0.9617937803268433 473
1741119531443 0.9598609805107117 474
1741119531444 0.9548683762550354 475
1741119531444 0.9594220519065857 476
1741119531444 0.9572127461433411 477
1741119531445 0.9646860957145691 478
1741119531445 0.9544426202774048 479
1741119531446 0.9539413452148438 480
1741119531446 0.9627555012702942 481
1741119531446 0.9622604250907898 482
1741119531447 0.9663232564926147 483
1741119531447 0.9602839946746826 484
1741119531448 0.9606926441192627 485
1741119531448 0.9587125778198242 486
1741119531448 0.9583362340927124 487
1741119531449 0.9657022356987 488
1741119531449 0.9592961668968201 489
1741119531450 0.9538421034812927 490
1741119531450 0.958856999874115 491
1741119531450 0.9629800915718079 492
1741119531451 0.9589816927909851 493
1741119531451 0.9567662477493286 494
1741119531452 0.9543799161911011 495
1741119531452 0.9545810222625732 496
1741119531452 0.9508523344993591 497
1741119531453 0.9598374962806702 498
1741119531453 0.9507724046707153 499
