1741043936039 0.04125000163912773 0
1741043936040 0.058125000447034836 1
1741043936040 0.07851562649011612 2
1741043936041 0.08749999850988388 3
1741043936041 0.09757812321186066 4
1741043936041 0.11023437231779099 5
1741043936042 0.12140624970197678 6
1741043936042 0.13046875596046448 7
1741043936043 0.13835936784744263 8
1741043936043 0.15078124403953552 9
1741043936043 0.15382812917232513 10
1741043936044 0.1672656238079071 11
1741043936044 0.17796875536441803 12
1741043936045 0.1834374964237213 13
1741043936045 0.18367187678813934 14
1741043936045 0.19374999403953552 15
1741043936046 0.1993750035762787 16
1741043936046 0.20999999344348907 17
1741043936047 0.21062499284744263 18
1741043936047 0.2205468714237213 19
1741043936047 0.22109374403953552 20
1741043936048 0.2299218773841858 21
1741043936048 0.23320312798023224 22
1741043936049 0.24187499284744263 23
1741043936049 0.24507813155651093 24
1741043936049 0.25289061665534973 25
1741043936050 0.25187501311302185 26
1741043936050 0.25453126430511475 27
1741043936050 0.26218751072883606 28
1741043936051 0.2640624940395355 29
1741043936051 0.27781251072883606 30
1741043936052 0.28062498569488525 31
1741043936052 0.27757811546325684 32
1741043936052 0.28273436427116394 33
1741043936053 0.2876562476158142 34
1741043936053 0.2946093678474426 35
1741043936053 0.2992187440395355 36
1741043936054 0.29289063811302185 37
1741043936054 0.2977343797683716 38
1741043936055 0.30421873927116394 39
1741043936055 0.3092968761920929 40
1741043936055 0.3160937428474426 41
1741043936056 0.31664061546325684 42
1741043936056 0.3167968690395355 43
1741043936057 0.3210156261920929 44
1741043936057 0.32695311307907104 45
1741043936057 0.3257812559604645 46
1741043936058 0.3394531309604645 47
1741043936058 0.33265626430511475 48
1741043936058 0.34984374046325684 49
