1741043936039 4.048004627227783 0
1741043936040 3.7211368083953857 1
1741043936040 3.6424078941345215 2
1741043936041 3.6024625301361084 3
1741043936041 3.5358874797821045 4
1741043936041 3.464341163635254 5
1741043936042 3.4277052879333496 6
1741043936042 3.378439426422119 7
1741043936043 3.3413631916046143 8
1741043936043 3.304680585861206 9
1741043936043 3.2639288902282715 10
1741043936044 3.2256317138671875 11
1741043936044 3.187797784805298 12
1741043936045 3.1698215007781982 13
1741043936045 3.1377410888671875 14
1741043936045 3.093897819519043 15
1741043936046 3.0796854496002197 16
1741043936046 3.0436084270477295 17
1741043936047 3.0207388401031494 18
1741043936047 2.986985683441162 19
1741043936047 2.9737138748168945 20
1741043936048 2.9304349422454834 21
1741043936048 2.936749219894409 22
1741043936049 2.8878185749053955 23
1741043936049 2.8657867908477783 24
1741043936049 2.861053466796875 25
1741043936050 2.8289763927459717 26
1741043936050 2.825697898864746 27
1741043936050 2.8058440685272217 28
1741043936051 2.7985973358154297 29
1741043936051 2.7584335803985596 30
1741043936052 2.706799030303955 31
1741043936052 2.739408493041992 32
1741043936052 2.6980478763580322 33
1741043936053 2.687176465988159 34
1741043936053 2.665694236755371 35
1741043936053 2.6573386192321777 36
1741043936054 2.659914255142212 37
1741043936054 2.63909912109375 38
1741043936055 2.6311562061309814 39
1741043936055 2.5997109413146973 40
1741043936055 2.5853774547576904 41
1741043936056 2.5886752605438232 42
1741043936056 2.5718331336975098 43
1741043936057 2.5538229942321777 44
1741043936057 2.5399341583251953 45
1741043936057 2.5349550247192383 46
1741043936058 2.4994325637817383 47
1741043936058 2.5063681602478027 48
1741043936058 2.463050603866577 49
