1741208647773 3.304842233657837 0
1741208647773 2.872828483581543 1
1741208647774 2.6107447147369385 2
1741208647775 2.4042954444885254 3
1741208647775 2.2391762733459473 4
1741208647776 2.114257335662842 5
1741208647776 1.9985994100570679 6
1741208647777 1.8976727724075317 7
1741208647777 1.8097485303878784 8
1741208647778 1.735853910446167 9
1741208647778 1.6709327697753906 10
1741208647779 1.6144814491271973 11
1741208647779 1.5598833560943604 12
1741208647780 1.5219526290893555 13
1741208647780 1.4754891395568848 14
1741208647781 1.4434635639190674 15
1741208647781 1.4020274877548218 16
1741208647782 1.375960350036621 17
1741208647782 1.3459463119506836 18
1741208647783 1.3199387788772583 19
1741208647783 1.2973899841308594 20
1741208647784 1.2716208696365356 21
1741208647784 1.245715856552124 22
1741208647785 1.2273175716400146 23
1741208647785 1.211414098739624 24
1741208647786 1.186072587966919 25
1741208647786 1.1729710102081299 26
1741208647787 1.15676748752594 27
1741208647787 1.1378757953643799 28
1741208647788 1.1163924932479858 29
1741208647788 1.1021058559417725 30
1741208647788 1.0899925231933594 31
1741208647789 1.0723068714141846 32
1741208647789 1.0539219379425049 33
1741208647790 1.0488104820251465 34
1741208647790 1.0348145961761475 35
1741208647791 1.0200999975204468 36
1741208647791 1.014748454093933 37
1741208647792 0.9946325421333313 38
1741208647792 0.9877706170082092 39
1741208647793 0.9768933057785034 40
1741208647793 0.9588318467140198 41
1741208647794 0.9569916129112244 42
1741208647794 0.9453572034835815 43
1741208647795 0.9334254264831543 44
1741208647795 0.9267178773880005 45
1741208647796 0.9223835468292236 46
1741208647796 0.9072819352149963 47
1741208647797 0.9084891676902771 48
1741208647797 0.8971886038780212 49
1741208647798 0.877450168132782 50
1741208647798 0.8868667483329773 51
1741208647799 0.8690787553787231 52
1741208647799 0.8665221333503723 53
1741208647800 0.8559662103652954 54
1741208647800 0.8567792177200317 55
1741208647801 0.8521872162818909 56
1741208647801 0.8371063470840454 57
1741208647801 0.8368220329284668 58
1741208647802 0.8281233310699463 59
1741208647802 0.8187861442565918 60
1741208647803 0.8196125626564026 61
1741208647803 0.8183026313781738 62
1741208647804 0.8082534670829773 63
1741208647804 0.7978586554527283 64
1741208647805 0.798361599445343 65
1741208647805 0.7951140999794006 66
1741208647806 0.7872254848480225 67
1741208647806 0.7867304682731628 68
1741208647807 0.7822052240371704 69
1741208647807 0.7771809101104736 70
1741208647808 0.7749176025390625 71
1741208647808 0.7644088268280029 72
1741208647809 0.7588145732879639 73
1741208647809 0.7582218647003174 74
1741208647810 0.7605804204940796 75
1741208647810 0.7527403235435486 76
1741208647811 0.7502686381340027 77
1741208647811 0.7421954274177551 78
1741208647812 0.7370116710662842 79
1741208647812 0.7352100014686584 80
1741208647813 0.7326363921165466 81
1741208647813 0.732172429561615 82
1741208647813 0.7271150946617126 83
1741208647814 0.7258379459381104 84
1741208647814 0.7245809435844421 85
1741208647815 0.7138374447822571 86
1741208647815 0.7132154107093811 87
1741208647816 0.709446132183075 88
1741208647816 0.7050595283508301 89
1741208647817 0.705933153629303 90
1741208647817 0.6968871355056763 91
1741208647818 0.7017698884010315 92
1741208647818 0.6982131004333496 93
1741208647819 0.6939822435379028 94
1741208647819 0.6936280727386475 95
1741208647820 0.6855206489562988 96
1741208647820 0.6882210969924927 97
1741208647821 0.6833857297897339 98
1741208647821 0.6784777641296387 99
1741208647821 0.6823083162307739 100
1741208647822 0.6754438877105713 101
1741208647822 0.6722479462623596 102
1741208647823 0.6737938523292542 103
1741208647823 0.6697670221328735 104
1741208647824 0.6663129329681396 105
1741208647824 0.657944917678833 106
1741208647825 0.6601686477661133 107
1741208647825 0.6570358276367188 108
1741208647826 0.6599739193916321 109
1741208647826 0.6549816131591797 110
1741208647827 0.6506861448287964 111
1741208647827 0.6532387137413025 112
1741208647828 0.6525394916534424 113
1741208647828 0.6498650908470154 114
1741208647829 0.6453321576118469 115
1741208647829 0.6469890475273132 116
1741208647829 0.6394268870353699 117
1741208647830 0.6395295858383179 118
1741208647830 0.6404058933258057 119
1741208647831 0.6376319527626038 120
1741208647831 0.6380002498626709 121
1741208647832 0.6354194283485413 122
1741208647832 0.6352065801620483 123
1741208647833 0.6294351816177368 124
1741208647833 0.6325982809066772 125
1741208647834 0.6294142603874207 126
1741208647834 0.6245622634887695 127
1741208647835 0.6255090236663818 128
1741208647835 0.6238691210746765 129
1741208647836 0.6212427020072937 130
1741208647836 0.6218499541282654 131
1741208647837 0.6202723383903503 132
1741208647837 0.617901086807251 133
1741208647837 0.6177791953086853 134
1741208647838 0.6163344979286194 135
1741208647838 0.6167392134666443 136
1741208647839 0.6112726926803589 137
1741208647839 0.6136178970336914 138
1741208647840 0.6111316680908203 139
1741208647840 0.6136294007301331 140
1741208647841 0.6144015789031982 141
1741208647841 0.606671929359436 142
1741208647842 0.6012589335441589 143
1741208647842 0.6061244010925293 144
1741208647843 0.6072609424591064 145
1741208647843 0.6035858392715454 146
1741208647844 0.6019430756568909 147
1741208647844 0.5968511700630188 148
1741208647845 0.5964474678039551 149
1741208647845 0.5943418145179749 150
1741208647846 0.5958102345466614 151
1741208647846 0.5985647439956665 152
1741208647846 0.6016226410865784 153
1741208647847 0.5903174877166748 154
1741208647847 0.5945677757263184 155
1741208647848 0.5914846062660217 156
1741208647848 0.5915040373802185 157
1741208647849 0.5840527415275574 158
1741208647849 0.5923416018486023 159
1741208647850 0.5853328108787537 160
1741208647850 0.5889309644699097 161
1741208647851 0.5865593552589417 162
1741208647851 0.5828100442886353 163
1741208647852 0.5893999338150024 164
1741208647852 0.5788046717643738 165
1741208647853 0.5839752554893494 166
1741208647853 0.5838127732276917 167
1741208647853 0.5749479532241821 168
1741208647854 0.5778937935829163 169
1741208647854 0.5713608264923096 170
1741208647855 0.5787740349769592 171
1741208647855 0.579792320728302 172
1741208647856 0.5732733607292175 173
1741208647856 0.5709019899368286 174
1741208647857 0.5674103498458862 175
1741208647857 0.5739732384681702 176
1741208647858 0.573918879032135 177
1741208647858 0.5737441182136536 178
1741208647859 0.5707906484603882 179
1741208647859 0.5652413368225098 180
1741208647860 0.5704672932624817 181
1741208647860 0.5659316778182983 182
1741208647861 0.5679261088371277 183
1741208647861 0.5679248571395874 184
1741208647861 0.5624336004257202 185
1741208647862 0.5697105526924133 186
1741208647862 0.5634763240814209 187
1741208647863 0.5590376257896423 188
1741208647863 0.5659945607185364 189
1741208647864 0.5608391761779785 190
1741208647864 0.5593580603599548 191
1741208647865 0.5627689957618713 192
1741208647865 0.5645822882652283 193
1741208647866 0.5582458972930908 194
1741208647866 0.5604857206344604 195
1741208647867 0.5555019378662109 196
1741208647867 0.5566548109054565 197
1741208647868 0.5566700100898743 198
1741208647868 0.5519217252731323 199
