1741208647773 0.08392968773841858 0
1741208647773 0.16518749296665192 1
1741208647774 0.2356562465429306 2
1741208647775 0.2937265634536743 3
1741208647775 0.3404218852519989 4
1741208647776 0.37617969512939453 5
1741208647776 0.40638279914855957 6
1741208647777 0.43723437190055847 7
1741208647777 0.460750013589859 8
1741208647778 0.48078906536102295 9
1741208647778 0.49918749928474426 10
1741208647779 0.5151953101158142 11
1741208647779 0.5291406512260437 12
1741208647780 0.5404375195503235 13
1741208647780 0.555593729019165 14
1741208647781 0.5644609332084656 15
1741208647781 0.5761406421661377 16
1741208647782 0.5860937237739563 17
1741208647782 0.5936484336853027 18
1741208647783 0.6001406311988831 19
1741208647783 0.6109374761581421 20
1741208647784 0.6167578101158142 21
1741208647784 0.6253046989440918 22
1741208647785 0.6305234432220459 23
1741208647785 0.6363281011581421 24
1741208647786 0.6440078020095825 25
1741208647786 0.6497499942779541 26
1741208647787 0.656851589679718 27
1741208647787 0.6615390777587891 28
1741208647788 0.6680312752723694 29
1741208647788 0.673046886920929 30
1741208647788 0.6777187585830688 31
1741208647789 0.6834999918937683 32
1741208647789 0.687874972820282 33
1741208647790 0.6893125176429749 34
1741208647790 0.696218729019165 35
1741208647791 0.6973593831062317 36
1741208647791 0.702023446559906 37
1741208647792 0.7078906297683716 38
1741208647792 0.7089375257492065 39
1741208647793 0.7130390405654907 40
1741208647793 0.7182734608650208 41
1741208647794 0.7196406126022339 42
1741208647794 0.721484363079071 43
1741208647795 0.7267656326293945 44
1741208647795 0.7279375195503235 45
1741208647796 0.7310312390327454 46
1741208647796 0.7347968816757202 47
1741208647797 0.7362187504768372 48
1741208647797 0.7374843955039978 49
1741208647798 0.7435547113418579 50
1741208647798 0.7431328296661377 51
1741208647799 0.7470625042915344 52
1741208647799 0.7464843988418579 53
1741208647800 0.7506952881813049 54
1741208647800 0.7504609227180481 55
1741208647801 0.7514218688011169 56
1741208647801 0.756515622138977 57
1741208647801 0.7559219002723694 58
1741208647802 0.7595078349113464 59
1741208647802 0.76171875 60
1741208647803 0.7628281116485596 61
1741208647803 0.7631250023841858 62
1741208647804 0.7656718492507935 63
1741208647804 0.7694453001022339 64
1741208647805 0.7676562666893005 65
1741208647805 0.7692734599113464 66
1741208647806 0.7711796760559082 67
1741208647806 0.7729765772819519 68
1741208647807 0.7740077972412109 69
1741208647807 0.7760546803474426 70
1741208647808 0.7763281464576721 71
1741208647808 0.7778906226158142 72
1741208647809 0.7803202867507935 73
1741208647809 0.7807421684265137 74
1741208647810 0.7814140915870667 75
1741208647810 0.7818906307220459 76
1741208647811 0.7833828330039978 77
1741208647811 0.7862265706062317 78
1741208647812 0.7875078320503235 79
1741208647812 0.7880234122276306 80
1741208647813 0.7877890467643738 81
1741208647813 0.7885781526565552 82
1741208647813 0.7910000085830688 83
1741208647814 0.7917812466621399 84
1741208647814 0.7916562557220459 85
1741208647815 0.7928359508514404 86
1741208647815 0.7937031388282776 87
1741208647816 0.7960468530654907 88
1741208647816 0.7968281507492065 89
1741208647817 0.7979999780654907 90
1741208647817 0.7990000247955322 91
1741208647818 0.7973203063011169 92
1741208647818 0.7982500195503235 93
1741208647819 0.8009453415870667 94
1741208647819 0.800585925579071 95
1741208647820 0.8020937442779541 96
1741208647820 0.8027969002723694 97
1741208647821 0.8022656440734863 98
1741208647821 0.8051875233650208 99
1741208647821 0.8059453368186951 100
1741208647822 0.8047734498977661 101
1741208647822 0.8064765334129333 102
1741208647823 0.8062499761581421 103
1741208647823 0.8092109560966492 104
1741208647824 0.8086405992507935 105
1741208647824 0.8098281025886536 106
1741208647825 0.8109999895095825 107
1741208647825 0.8105234503746033 108
1741208647826 0.8102734088897705 109
1741208647826 0.8119921684265137 110
1741208647827 0.8139374852180481 111
1741208647827 0.8119999766349792 112
1741208647828 0.8116796612739563 113
1741208647828 0.8141718506813049 114
1741208647829 0.8148124814033508 115
1741208647829 0.8148906230926514 116
1741208647829 0.817578136920929 117
1741208647830 0.8177343606948853 118
1741208647830 0.8161484599113464 119
1741208647831 0.8177187442779541 120
1741208647831 0.8166640400886536 121
1741208647832 0.8183281421661377 122
1741208647832 0.8181015849113464 123
1741208647833 0.820062518119812 124
1741208647833 0.8189062476158142 125
1741208647834 0.819656252861023 126
1741208647834 0.820062518119812 127
1741208647835 0.8194453120231628 128
1741208647835 0.8200469017028809 129
1741208647836 0.8214452862739563 130
1741208647836 0.8212890625 131
1741208647837 0.8217968940734863 132
1741208647837 0.8232578039169312 133
1741208647837 0.8224531412124634 134
1741208647838 0.8225468993186951 135
1741208647838 0.8238359093666077 136
1741208647839 0.8249609470367432 137
1741208647839 0.8226171731948853 138
1741208647840 0.8245781064033508 139
1741208647840 0.8235703110694885 140
1741208647841 0.8233984112739563 141
1741208647841 0.8258749842643738 142
1741208647842 0.8276015520095825 143
1741208647842 0.825390636920929 144
1741208647843 0.8260156512260437 145
1741208647843 0.8280468583106995 146
1741208647844 0.828781247138977 147
1741208647844 0.828976571559906 148
1741208647845 0.8280781507492065 149
1741208647845 0.8292187452316284 150
1741208647846 0.8291797041893005 151
1741208647846 0.828195333480835 152
1741208647846 0.8281640410423279 153
1741208647847 0.8305859565734863 154
1741208647847 0.8298437595367432 155
1741208647848 0.8321406245231628 156
1741208647848 0.8300625085830688 157
1741208647849 0.832757830619812 158
1741208647849 0.8310312628746033 159
1741208647850 0.8314609527587891 160
1741208647850 0.8310624957084656 161
1741208647851 0.8324531316757202 162
1741208647851 0.8316797018051147 163
1741208647852 0.8316406011581421 164
1741208647852 0.8342499732971191 165
1741208647853 0.832632839679718 166
1741208647853 0.8338202834129333 167
1741208647853 0.8359609246253967 168
1741208647854 0.8340625166893005 169
1741208647854 0.8349531292915344 170
1741208647855 0.8338437676429749 171
1741208647855 0.8346562385559082 172
1741208647856 0.8356484174728394 173
1741208647856 0.8370234370231628 174
1741208647857 0.8374453186988831 175
1741208647857 0.8362968564033508 176
1741208647858 0.8368281126022339 177
1741208647858 0.8373671770095825 178
1741208647859 0.8371250033378601 179
1741208647859 0.8382343649864197 180
1741208647860 0.8368984460830688 181
1741208647860 0.8384531140327454 182
1741208647861 0.8372812271118164 183
1741208647861 0.8377734422683716 184
1741208647861 0.839648425579071 185
1741208647862 0.8378046751022339 186
1741208647862 0.8392968773841858 187
1741208647863 0.8411093950271606 188
1741208647863 0.8374687433242798 189
1741208647864 0.8402265906333923 190
1741208647864 0.839718759059906 191
1741208647865 0.8396875262260437 192
1741208647865 0.8390156030654907 193
1741208647866 0.8412187695503235 194
1741208647866 0.8402109146118164 195
1741208647867 0.8404921889305115 196
1741208647867 0.8418281078338623 197
1741208647868 0.8406171798706055 198
1741208647868 0.8433984518051147 199
