1741045607268 0.028437500819563866 0
1741045607268 0.03578124940395355 1
1741045607269 0.04453124850988388 2
1741045607269 0.054375000298023224 3
1741045607270 0.058281250298023224 4
1741045607270 0.06656250357627869 5
1741045607271 0.07390625029802322 6
1741045607271 0.07562500238418579 7
1741045607271 0.08921875059604645 8
1741045607272 0.0885937511920929 9
1741045607272 0.11124999821186066 10
1741045607273 0.09812500327825546 11
1741045607273 0.11124999821186066 12
1741045607274 0.11765625327825546 13
1741045607274 0.11999999731779099 14
1741045607274 0.12250000238418579 15
1741045607275 0.12968750298023224 16
1741045607275 0.12984375655651093 17
1741045607276 0.13843749463558197 18
1741045607276 0.1407812535762787 19
1741045607276 0.14656250178813934 20
1741045607277 0.15718750655651093 21
1741045607277 0.15593749284744263 22
1741045607278 0.15984374284744263 23
1741045607278 0.15828125178813934 24
