1741045607268 4.326364517211914 0
1741045607268 3.8924877643585205 1
1741045607269 3.7882604598999023 2
1741045607269 3.7351555824279785 3
1741045607270 3.6916353702545166 4
1741045607270 3.6903531551361084 5
1741045607271 3.6438164710998535 6
1741045607271 3.6091341972351074 7
1741045607271 3.579763889312744 8
1741045607272 3.566333293914795 9
1741045607272 3.5068891048431396 10
1741045607273 3.5177981853485107 11
1741045607273 3.473329544067383 12
1741045607274 3.4645071029663086 13
1741045607274 3.429893732070923 14
1741045607274 3.4032018184661865 15
1741045607275 3.3761587142944336 16
1741045607275 3.3761167526245117 17
1741045607276 3.363874912261963 18
1741045607276 3.3405752182006836 19
1741045607276 3.3040475845336914 20
1741045607277 3.282796859741211 21
1741045607277 3.2693300247192383 22
1741045607278 3.2539403438568115 23
1741045607278 3.2474524974823 24
