1741051582427 3.563382148742676 0
1741051582428 3.1350209712982178 1
1741051582428 2.8631765842437744 2
1741051582429 2.6695539951324463 3
1741051582429 2.5297117233276367 4
1741051582429 2.4087891578674316 5
1741051582430 2.310638427734375 6
1741051582430 2.2338080406188965 7
1741051582431 2.1729249954223633 8
1741051582431 2.1159496307373047 9
1741051582432 2.072472333908081 10
1741051582432 2.0309722423553467 11
1741051582432 1.9937163591384888 12
1741051582433 1.958866000175476 13
1741051582433 1.927154779434204 14
1741051582434 1.9004970788955688 15
1741051582434 1.876908779144287 16
1741051582435 1.8587790727615356 17
1741051582435 1.8351434469223022 18
1741051582435 1.8188064098358154 19
1741051582436 1.8068046569824219 20
1741051582436 1.788873314857483 21
1741051582437 1.7722548246383667 22
1741051582437 1.7587465047836304 23
1741051582437 1.7453932762145996 24
1741051582438 1.7373405694961548 25
1741051582438 1.72671377658844 26
1741051582439 1.7106331586837769 27
1741051582439 1.7014280557632446 28
1741051582439 1.6894336938858032 29
1741051582440 1.6869707107543945 30
1741051582440 1.6798796653747559 31
1741051582441 1.667783260345459 32
1741051582441 1.6645771265029907 33
1741051582441 1.6459914445877075 34
1741051582442 1.6423431634902954 35
1741051582442 1.642980933189392 36
1741051582443 1.6277869939804077 37
1741051582443 1.6341558694839478 38
1741051582444 1.6180561780929565 39
1741051582444 1.605541467666626 40
1741051582444 1.6047825813293457 41
1741051582445 1.5972820520401 42
1741051582445 1.5928595066070557 43
1741051582446 1.5909405946731567 44
1741051582446 1.5829780101776123 45
1741051582446 1.5759389400482178 46
1741051582447 1.579228401184082 47
1741051582447 1.5738403797149658 48
1741051582448 1.5596606731414795 49
1741051582448 1.5529168844223022 50
1741051582448 1.5581096410751343 51
1741051582449 1.5558940172195435 52
1741051582449 1.5504422187805176 53
1741051582450 1.5355756282806396 54
1741051582450 1.5466647148132324 55
1741051582451 1.5342870950698853 56
1741051582451 1.5313231945037842 57
1741051582451 1.5288958549499512 58
1741051582452 1.5253177881240845 59
1741051582452 1.5202335119247437 60
1741051582453 1.5181822776794434 61
1741051582453 1.5164625644683838 62
1741051582453 1.5075898170471191 63
1741051582454 1.5149604082107544 64
1741051582454 1.5060551166534424 65
1741051582455 1.5029714107513428 66
1741051582455 1.5102813243865967 67
1741051582455 1.493343472480774 68
1741051582456 1.488778829574585 69
1741051582456 1.4935340881347656 70
1741051582457 1.4881870746612549 71
1741051582457 1.494330883026123 72
1741051582457 1.4840677976608276 73
1741051582458 1.4744571447372437 74
1741051582458 1.485592007637024 75
1741051582459 1.4779345989227295 76
1741051582459 1.4856241941452026 77
1741051582459 1.4663562774658203 78
1741051582460 1.4664446115493774 79
1741051582460 1.472222924232483 80
1741051582461 1.4671839475631714 81
1741051582461 1.4749958515167236 82
1741051582461 1.4614253044128418 83
1741051582462 1.4524717330932617 84
1741051582462 1.4500564336776733 85
1741051582463 1.4579678773880005 86
1741051582463 1.4536445140838623 87
1741051582463 1.4524946212768555 88
1741051582464 1.4503967761993408 89
1741051582464 1.450311541557312 90
1741051582465 1.4557344913482666 91
1741051582465 1.4521489143371582 92
1741051582465 1.4436795711517334 93
1741051582466 1.4357072114944458 94
1741051582466 1.438008427619934 95
1741051582467 1.4483447074890137 96
1741051582467 1.4317989349365234 97
1741051582467 1.4314194917678833 98
1741051582468 1.422214150428772 99
1741051582468 1.4260587692260742 100
1741051582468 1.4360822439193726 101
1741051582469 1.4217538833618164 102
1741051582469 1.4215952157974243 103
1741051582470 1.4212629795074463 104
1741051582470 1.4227073192596436 105
1741051582471 1.4263638257980347 106
1741051582471 1.4171762466430664 107
1741051582471 1.4184547662734985 108
1741051582472 1.4087867736816406 109
1741051582472 1.4099228382110596 110
1741051582472 1.4117282629013062 111
1741051582473 1.412697672843933 112
1741051582473 1.4022642374038696 113
1741051582474 1.4105395078659058 114
1741051582474 1.403686761856079 115
1741051582475 1.4144524335861206 116
1741051582475 1.4021698236465454 117
1741051582475 1.4083518981933594 118
1741051582476 1.3977898359298706 119
1741051582476 1.3969203233718872 120
1741051582476 1.4029242992401123 121
1741051582477 1.3940787315368652 122
1741051582477 1.3952233791351318 123
1741051582478 1.396453857421875 124
1741051582478 1.3873530626296997 125
1741051582478 1.3954588174819946 126
1741051582479 1.3903586864471436 127
1741051582479 1.3895392417907715 128
1741051582480 1.3911834955215454 129
1741051582480 1.3896381855010986 130
1741051582480 1.3926119804382324 131
1741051582481 1.3823570013046265 132
1741051582481 1.383474349975586 133
1741051582482 1.3804543018341064 134
1741051582482 1.3941168785095215 135
1741051582482 1.3850926160812378 136
1741051582483 1.3761438131332397 137
1741051582483 1.3774504661560059 138
1741051582484 1.3745125532150269 139
1741051582484 1.3844475746154785 140
1741051582484 1.3721868991851807 141
1741051582485 1.3742400407791138 142
1741051582485 1.3712389469146729 143
1741051582486 1.3735589981079102 144
1741051582486 1.3777647018432617 145
1741051582487 1.36781644821167 146
1741051582487 1.3665540218353271 147
1741051582487 1.3721987009048462 148
1741051582488 1.3690489530563354 149
1741051582488 1.3740462064743042 150
1741051582488 1.3679696321487427 151
1741051582489 1.3614592552185059 152
1741051582489 1.3597347736358643 153
1741051582490 1.3577444553375244 154
1741051582490 1.3671607971191406 155
1741051582491 1.3581809997558594 156
1741051582491 1.3580049276351929 157
1741051582491 1.355171799659729 158
1741051582492 1.3582088947296143 159
1741051582492 1.3631869554519653 160
1741051582493 1.3557624816894531 161
1741051582493 1.3603821992874146 162
1741051582493 1.3548073768615723 163
1741051582494 1.3542665243148804 164
1741051582494 1.3651806116104126 165
1741051582495 1.348552942276001 166
1741051582495 1.347762942314148 167
1741051582495 1.3534460067749023 168
1741051582496 1.3489925861358643 169
1741051582496 1.3482969999313354 170
1741051582497 1.3455986976623535 171
1741051582497 1.3530725240707397 172
1741051582497 1.3481106758117676 173
1741051582498 1.3638311624526978 174
1741051582498 1.3415682315826416 175
1741051582498 1.3382291793823242 176
1741051582499 1.3393418788909912 177
1741051582499 1.345907211303711 178
1741051582500 1.3481779098510742 179
1741051582500 1.3364102840423584 180
1741051582501 1.3473784923553467 181
1741051582501 1.3572531938552856 182
1741051582501 1.337315559387207 183
1741051582502 1.3431916236877441 184
1741051582502 1.3317396640777588 185
1741051582503 1.3313249349594116 186
1741051582503 1.3367291688919067 187
1741051582503 1.334212303161621 188
1741051582504 1.3434239625930786 189
1741051582504 1.3327244520187378 190
1741051582504 1.3362280130386353 191
1741051582505 1.3335933685302734 192
1741051582505 1.3309001922607422 193
1741051582506 1.3299612998962402 194
1741051582506 1.3281439542770386 195
1741051582506 1.3333193063735962 196
1741051582507 1.330019235610962 197
1741051582507 1.3341102600097656 198
1741051582508 1.3353180885314941 199
1741051582508 1.3263639211654663 200
1741051582508 1.3221089839935303 201
1741051582509 1.3320057392120361 202
1741051582509 1.326928734779358 203
1741051582510 1.318584680557251 204
1741051582510 1.3242876529693604 205
1741051582511 1.3252564668655396 206
1741051582511 1.3204107284545898 207
1741051582511 1.3269438743591309 208
1741051582512 1.3174755573272705 209
1741051582512 1.31358003616333 210
1741051582512 1.3222872018814087 211
1741051582513 1.3200823068618774 212
1741051582513 1.3292359113693237 213
1741051582514 1.3144197463989258 214
1741051582514 1.3166491985321045 215
1741051582514 1.3134061098098755 216
1741051582515 1.3204689025878906 217
1741051582515 1.318184733390808 218
1741051582516 1.3097691535949707 219
1741051582516 1.3136649131774902 220
1741051582516 1.3141489028930664 221
1741051582517 1.3070530891418457 222
1741051582517 1.3210673332214355 223
1741051582518 1.3159319162368774 224
1741051582518 1.3038408756256104 225
1741051582518 1.3090733289718628 226
1741051582519 1.3071476221084595 227
1741051582519 1.315984845161438 228
1741051582520 1.307199239730835 229
1741051582520 1.3119046688079834 230
1741051582520 1.311074137687683 231
1741051582521 1.309640884399414 232
1741051582521 1.3090072870254517 233
1741051582521 1.3042588233947754 234
1741051582522 1.307719111442566 235
1741051582522 1.311948299407959 236
1741051582523 1.3037289381027222 237
1741051582523 1.305509328842163 238
1741051582523 1.3067914247512817 239
1741051582524 1.3003586530685425 240
1741051582524 1.3077670335769653 241
1741051582525 1.3092303276062012 242
1741051582525 1.298652172088623 243
1741051582525 1.3073017597198486 244
1741051582526 1.2903070449829102 245
1741051582526 1.3032581806182861 246
1741051582527 1.3043376207351685 247
1741051582527 1.2962844371795654 248
1741051582527 1.3038729429244995 249
1741051582528 1.289237141609192 250
1741051582528 1.3002064228057861 251
1741051582529 1.2994118928909302 252
1741051582529 1.2992221117019653 253
1741051582529 1.2939668893814087 254
1741051582530 1.2876102924346924 255
1741051582530 1.294782280921936 256
1741051582531 1.2985432147979736 257
1741051582531 1.2889169454574585 258
1741051582531 1.2912782430648804 259
1741051582532 1.2985920906066895 260
1741051582532 1.2893269062042236 261
1741051582533 1.2951302528381348 262
1741051582533 1.2862895727157593 263
1741051582533 1.2922894954681396 264
1741051582534 1.2971436977386475 265
1741051582534 1.2926136255264282 266
1741051582535 1.2918102741241455 267
1741051582535 1.2862509489059448 268
1741051582535 1.2853467464447021 269
1741051582536 1.2914400100708008 270
1741051582536 1.2940665483474731 271
1741051582537 1.281369924545288 272
1741051582537 1.280985713005066 273
1741051582537 1.2871075868606567 274
1741051582538 1.283875584602356 275
1741051582538 1.2984427213668823 276
1741051582538 1.2838013172149658 277
1741051582539 1.275558590888977 278
1741051582539 1.289066195487976 279
1741051582540 1.2800486087799072 280
1741051582540 1.296087622642517 281
1741051582540 1.2758945226669312 282
1741051582541 1.285836935043335 283
1741051582541 1.2841315269470215 284
1741051582542 1.2826285362243652 285
1741051582542 1.2878897190093994 286
1741051582543 1.279301643371582 287
1741051582543 1.2752424478530884 288
1741051582543 1.2749394178390503 289
1741051582544 1.2734750509262085 290
1741051582544 1.2875840663909912 291
1741051582545 1.2787673473358154 292
1741051582545 1.2834205627441406 293
1741051582545 1.2730908393859863 294
1741051582546 1.2774858474731445 295
1741051582546 1.2912566661834717 296
1741051582547 1.2729380130767822 297
1741051582547 1.277418851852417 298
1741051582547 1.2743418216705322 299
1741051582548 1.2830637693405151 300
1741051582548 1.2776128053665161 301
1741051582549 1.266964077949524 302
1741051582549 1.2747464179992676 303
1741051582549 1.271945595741272 304
1741051582550 1.2781609296798706 305
1741051582550 1.2688475847244263 306
1741051582551 1.269576072692871 307
1741051582551 1.2724025249481201 308
1741051582551 1.273845911026001 309
1741051582552 1.2768679857254028 310
1741051582552 1.2724701166152954 311
1741051582552 1.2671973705291748 312
1741051582553 1.2711092233657837 313
1741051582553 1.2755125761032104 314
1741051582554 1.2732326984405518 315
1741051582554 1.2740957736968994 316
1741051582554 1.272255778312683 317
1741051582555 1.264548420906067 318
1741051582555 1.2729570865631104 319
1741051582556 1.2694091796875 320
1741051582556 1.270320177078247 321
1741051582556 1.2563467025756836 322
1741051582557 1.2660272121429443 323
1741051582557 1.267065405845642 324
1741051582558 1.2728878259658813 325
1741051582558 1.262588620185852 326
1741051582558 1.2627514600753784 327
1741051582559 1.2638909816741943 328
1741051582559 1.2594892978668213 329
1741051582560 1.2690668106079102 330
1741051582560 1.2581815719604492 331
1741051582560 1.2550562620162964 332
1741051582561 1.2674323320388794 333
1741051582561 1.263264536857605 334
1741051582562 1.2718249559402466 335
1741051582562 1.2632027864456177 336
1741051582562 1.257254958152771 337
1741051582563 1.2663763761520386 338
1741051582563 1.2643101215362549 339
1741051582563 1.2573564052581787 340
1741051582564 1.2520482540130615 341
1741051582564 1.2564088106155396 342
1741051582565 1.2645703554153442 343
1741051582565 1.2639061212539673 344
1741051582565 1.2586584091186523 345
1741051582566 1.2574151754379272 346
1741051582566 1.2607293128967285 347
1741051582567 1.2535251379013062 348
1741051582567 1.2629148960113525 349
1741051582567 1.2572190761566162 350
1741051582568 1.255616307258606 351
1741051582568 1.2559674978256226 352
1741051582569 1.2588766813278198 353
1741051582569 1.2698109149932861 354
1741051582569 1.2524477243423462 355
1741051582570 1.256946086883545 356
1741051582570 1.258041501045227 357
1741051582571 1.2540420293807983 358
1741051582571 1.2617979049682617 359
1741051582571 1.2525825500488281 360
1741051582572 1.2538219690322876 361
1741051582572 1.2513949871063232 362
1741051582572 1.2569471597671509 363
1741051582573 1.2568938732147217 364
1741051582573 1.2519344091415405 365
1741051582574 1.2498455047607422 366
1741051582574 1.250240445137024 367
1741051582574 1.246307611465454 368
1741051582575 1.2549149990081787 369
1741051582575 1.2536041736602783 370
1741051582576 1.2510746717453003 371
1741051582576 1.2522730827331543 372
1741051582576 1.2465945482254028 373
1741051582577 1.2504216432571411 374
1741051582577 1.2435386180877686 375
1741051582578 1.2514361143112183 376
1741051582578 1.2533003091812134 377
1741051582578 1.2482179403305054 378
1741051582579 1.2461841106414795 379
1741051582579 1.241300106048584 380
1741051582579 1.245339035987854 381
1741051582580 1.2488101720809937 382
1741051582580 1.2436208724975586 383
1741051582581 1.2540857791900635 384
1741051582581 1.2447113990783691 385
1741051582581 1.2437864542007446 386
1741051582582 1.25087308883667 387
1741051582582 1.2566441297531128 388
1741051582583 1.2448415756225586 389
1741051582583 1.240504503250122 390
1741051582583 1.2463290691375732 391
1741051582584 1.2484591007232666 392
1741051582584 1.2554339170455933 393
1741051582585 1.2507045269012451 394
1741051582585 1.2439926862716675 395
1741051582585 1.2401280403137207 396
1741051582586 1.2424936294555664 397
1741051582586 1.2454348802566528 398
1741051582586 1.240789771080017 399
1741051582587 1.239169716835022 400
1741051582587 1.2333520650863647 401
1741051582588 1.2378411293029785 402
1741051582588 1.2534115314483643 403
1741051582588 1.2427012920379639 404
1741051582589 1.2392072677612305 405
1741051582589 1.245070219039917 406
1741051582590 1.2364610433578491 407
1741051582590 1.2442890405654907 408
1741051582590 1.2432091236114502 409
1741051582591 1.2400970458984375 410
1741051582591 1.2392077445983887 411
1741051582592 1.2375761270523071 412
1741051582592 1.2445980310440063 413
1741051582592 1.2431401014328003 414
1741051582593 1.2385588884353638 415
1741051582593 1.2426246404647827 416
1741051582594 1.2475757598876953 417
1741051582594 1.2323789596557617 418
1741051582594 1.2371549606323242 419
1741051582595 1.2416245937347412 420
1741051582595 1.2375282049179077 421
1741051582595 1.2455202341079712 422
1741051582596 1.2357639074325562 423
1741051582596 1.238805890083313 424
1741051582597 1.2388250827789307 425
1741051582597 1.242121696472168 426
1741051582597 1.246937870979309 427
1741051582598 1.2346436977386475 428
1741051582598 1.238907814025879 429
1741051582599 1.2378082275390625 430
1741051582599 1.2301379442214966 431
1741051582599 1.2444275617599487 432
1741051582600 1.2308948040008545 433
1741051582600 1.2340818643569946 434
1741051582601 1.2435338497161865 435
1741051582601 1.2348432540893555 436
1741051582601 1.2443512678146362 437
1741051582602 1.237732172012329 438
1741051582602 1.2354551553726196 439
1741051582602 1.2320513725280762 440
1741051582603 1.2369768619537354 441
1741051582603 1.2397041320800781 442
1741051582604 1.2292451858520508 443
1741051582604 1.2341550588607788 444
1741051582604 1.2281100749969482 445
1741051582605 1.2436351776123047 446
1741051582605 1.2241339683532715 447
1741051582606 1.2264866828918457 448
1741051582606 1.2245017290115356 449
1741051582606 1.2328636646270752 450
1741051582607 1.238862156867981 451
1741051582607 1.230743408203125 452
1741051582608 1.2234379053115845 453
1741051582608 1.2355194091796875 454
1741051582608 1.2334890365600586 455
1741051582609 1.2362313270568848 456
1741051582609 1.2322965860366821 457
1741051582610 1.222840428352356 458
1741051582610 1.2388575077056885 459
1741051582610 1.231689214706421 460
1741051582611 1.2420380115509033 461
1741051582611 1.2316648960113525 462
1741051582611 1.222780466079712 463
1741051582612 1.235537052154541 464
1741051582612 1.2261426448822021 465
1741051582613 1.232570767402649 466
1741051582613 1.2208750247955322 467
1741051582613 1.2254780530929565 468
1741051582614 1.2322540283203125 469
1741051582614 1.223143458366394 470
1741051582615 1.228929877281189 471
1741051582615 1.21940279006958 472
1741051582615 1.2294690608978271 473
1741051582616 1.2308415174484253 474
1741051582616 1.224426507949829 475
1741051582617 1.2291529178619385 476
1741051582617 1.2206926345825195 477
1741051582617 1.2246265411376953 478
1741051582618 1.2224178314208984 479
1741051582618 1.2288089990615845 480
1741051582618 1.2229946851730347 481
1741051582619 1.2165886163711548 482
1741051582619 1.2204192876815796 483
1741051582620 1.232080340385437 484
1741051582620 1.2321760654449463 485
1741051582620 1.2302446365356445 486
1741051582621 1.2176777124404907 487
1741051582621 1.2237040996551514 488
1741051582622 1.2177536487579346 489
1741051582622 1.223973035812378 490
1741051582622 1.2183154821395874 491
1741051582623 1.218992829322815 492
1741051582623 1.2200853824615479 493
1741051582624 1.22640860080719 494
1741051582624 1.2315335273742676 495
1741051582624 1.219521164894104 496
1741051582625 1.2194193601608276 497
1741051582625 1.2250628471374512 498
1741051582625 1.2194275856018066 499
