1741051582427 0.09923437237739563 0
1741051582428 0.1876796931028366 1
1741051582428 0.25086718797683716 2
1741051582429 0.2965156137943268 3
1741051582429 0.3334140479564667 4
1741051582429 0.3632890582084656 5
1741051582430 0.38813281059265137 6
1741051582430 0.40971875190734863 7
1741051582431 0.42460936307907104 8
1741051582431 0.4394453167915344 9
1741051582432 0.45078906416893005 10
1741051582432 0.4632812440395355 11
1741051582432 0.47083592414855957 12
1741051582433 0.48228907585144043 13
1741051582433 0.48902344703674316 14
1741051582434 0.49601563811302185 15
1741051582434 0.5043359398841858 16
1741051582435 0.5083047151565552 17
1741051582435 0.5147343873977661 18
1741051582435 0.5186562538146973 19
1741051582436 0.5228046774864197 20
1741051582436 0.5258828401565552 21
1741051582437 0.5316406488418579 22
1741051582437 0.5349687337875366 23
1741051582437 0.5388984084129333 24
1741051582438 0.5404531359672546 25
1741051582438 0.5440078377723694 26
1741051582439 0.5489922165870667 27
1741051582439 0.5508202910423279 28
1741051582439 0.5532578229904175 29
1741051582440 0.5544062256813049 30
1741051582440 0.5564531087875366 31
1741051582441 0.561453104019165 32
1741051582441 0.560867190361023 33
1741051582441 0.5639140605926514 34
1741051582442 0.5666718482971191 35
1741051582442 0.5679296851158142 36
1741051582443 0.5694296956062317 37
1741051582443 0.5691953301429749 38
1741051582444 0.5730937719345093 39
1741051582444 0.5764374732971191 40
1741051582444 0.578781247138977 41
1741051582445 0.5792812705039978 42
1741051582445 0.5789374709129333 43
1741051582446 0.5806484222412109 44
1741051582446 0.5833984613418579 45
1741051582446 0.5839921832084656 46
1741051582447 0.5834921598434448 47
1741051582447 0.5849375128746033 48
1741051582448 0.5906406044960022 49
1741051582448 0.5907812714576721 50
1741051582448 0.589968740940094 51
1741051582449 0.590164065361023 52
1741051582449 0.5929218530654907 53
1741051582450 0.5967422127723694 54
1741051582450 0.5930469036102295 55
1741051582451 0.5980077981948853 56
1741051582451 0.5971562266349792 57
1741051582451 0.5982656478881836 58
1741051582452 0.5995859503746033 59
1741051582452 0.5997421741485596 60
1741051582453 0.6006406545639038 61
1741051582453 0.6016640663146973 62
1741051582453 0.6044843792915344 63
1741051582454 0.6033359169960022 64
1741051582454 0.6041093468666077 65
1741051582455 0.6050156354904175 66
1741051582455 0.6043906211853027 67
1741051582455 0.6088906526565552 68
1741051582456 0.6088593602180481 69
1741051582456 0.6069062352180481 70
1741051582457 0.6080859303474426 71
1741051582457 0.6089531183242798 72
1741051582457 0.6108359098434448 73
1741051582458 0.6127890348434448 74
1741051582458 0.6103125214576721 75
1741051582459 0.6115000247955322 76
1741051582459 0.6107968688011169 77
1741051582459 0.6157343983650208 78
1741051582460 0.6148750185966492 79
1741051582460 0.613937497138977 80
1741051582461 0.6158202886581421 81
1741051582461 0.6141093969345093 82
1741051582461 0.616531252861023 83
1741051582462 0.6186015605926514 84
1741051582462 0.6190078258514404 85
1741051582463 0.6162890791893005 86
1741051582463 0.6196640729904175 87
1741051582463 0.6180468797683716 88
1741051582464 0.619921863079071 89
1741051582464 0.6191328167915344 90
1741051582465 0.6190624833106995 91
1741051582465 0.6196093559265137 92
1741051582465 0.6220468878746033 93
1741051582466 0.6244609355926514 94
1741051582466 0.6231562495231628 95
1741051582467 0.6187812685966492 96
1741051582467 0.6233906149864197 97
1741051582467 0.6247812509536743 98
1741051582468 0.6270937323570251 99
1741051582468 0.6265702843666077 100
1741051582468 0.6246562600135803 101
1741051582469 0.6274453401565552 102
1741051582469 0.6287421584129333 103
1741051582470 0.6258281469345093 104
1741051582470 0.6287890672683716 105
1741051582471 0.6261484622955322 106
1741051582471 0.6288906335830688 107
1741051582471 0.6288203001022339 108
1741051582472 0.6314374804496765 109
1741051582472 0.6296562552452087 110
1741051582472 0.6299921870231628 111
1741051582473 0.6305702924728394 112
1741051582473 0.6333515644073486 113
1741051582474 0.6317968964576721 114
1741051582474 0.6317968964576721 115
1741051582475 0.6320937275886536 116
1741051582475 0.6328515410423279 117
1741051582475 0.6314687728881836 118
1741051582476 0.6358906030654907 119
1741051582476 0.6354531049728394 120
1741051582476 0.6337343454360962 121
1741051582477 0.635015606880188 122
1741051582477 0.6347500085830688 123
1741051582478 0.6333671808242798 124
1741051582478 0.6354609131813049 125
1741051582478 0.6364374756813049 126
1741051582479 0.6363906264305115 127
1741051582479 0.6372030973434448 128
1741051582480 0.6372265815734863 129
1741051582480 0.6376484632492065 130
1741051582480 0.6352187395095825 131
1741051582481 0.6386250257492065 132
1741051582481 0.6381484270095825 133
1741051582482 0.6376718878746033 134
1741051582482 0.6374375224113464 135
1741051582482 0.6384297013282776 136
1741051582483 0.640375018119812 137
1741051582483 0.6387109160423279 138
1741051582484 0.6423749923706055 139
1741051582484 0.6394296884536743 140
1741051582484 0.6410312652587891 141
1741051582485 0.641531229019165 142
1741051582485 0.6407343745231628 143
1741051582486 0.6422187685966492 144
1741051582486 0.6420546770095825 145
1741051582487 0.6440078020095825 146
1741051582487 0.6442265510559082 147
1741051582487 0.643875002861023 148
1741051582488 0.6423593759536743 149
1741051582488 0.6431328058242798 150
1741051582488 0.6425390839576721 151
1741051582489 0.6438437700271606 152
1741051582489 0.6442656517028809 153
1741051582490 0.6453906297683716 154
1741051582490 0.6426171660423279 155
1741051582491 0.6453984379768372 156
1741051582491 0.6451953053474426 157
1741051582491 0.6466718912124634 158
1741051582492 0.6457343697547913 159
1741051582492 0.6452656388282776 160
1741051582493 0.6473437547683716 161
1741051582493 0.6440469026565552 162
1741051582493 0.6482499837875366 163
1741051582494 0.6463124752044678 164
1741051582494 0.644656240940094 165
1741051582495 0.6490703225135803 166
1741051582495 0.6478672027587891 167
1741051582495 0.6478281021118164 168
1741051582496 0.6478984355926514 169
1741051582496 0.6478046774864197 170
1741051582497 0.6498515605926514 171
1741051582497 0.6459765434265137 172
1741051582497 0.6481093764305115 173
1741051582498 0.6448281407356262 174
1741051582498 0.6502031087875366 175
1741051582498 0.6499921679496765 176
1741051582499 0.6504687666893005 177
1741051582499 0.649789035320282 178
1741051582500 0.6484218835830688 179
1741051582500 0.6513906121253967 180
1741051582501 0.649789035320282 181
1741051582501 0.6481719017028809 182
1741051582501 0.6516562700271606 183
1741051582502 0.6497187614440918 184
1741051582502 0.6528202891349792 185
1741051582503 0.6506718993186951 186
1741051582503 0.6522969007492065 187
1741051582503 0.652999997138977 188
1741051582504 0.6501562595367432 189
1741051582504 0.652999997138977 190
1741051582504 0.6525468826293945 191
1741051582505 0.6540234088897705 192
1741051582505 0.6535781025886536 193
1741051582506 0.6534609198570251 194
1741051582506 0.653445303440094 195
1741051582506 0.6537734270095825 196
1741051582507 0.6556640863418579 197
1741051582507 0.6537187695503235 198
1741051582508 0.6529062390327454 199
1741051582508 0.6539843678474426 200
1741051582508 0.654367208480835 201
1741051582509 0.6523749828338623 202
1741051582509 0.6555625200271606 203
1741051582510 0.6556718945503235 204
1741051582510 0.6552578210830688 205
1741051582511 0.6543359160423279 206
1741051582511 0.6553593873977661 207
1741051582511 0.6532812714576721 208
1741051582512 0.6583437323570251 209
1741051582512 0.6579218506813049 210
1741051582512 0.6552734375 211
1741051582513 0.6570546627044678 212
1741051582513 0.6550156474113464 213
1741051582514 0.6568984389305115 214
1741051582514 0.6584687232971191 215
1741051582514 0.6579062342643738 216
1741051582515 0.6585390567779541 217
1741051582515 0.6570234298706055 218
1741051582516 0.6592422127723694 219
1741051582516 0.6584687232971191 220
1741051582516 0.6581718921661377 221
1741051582517 0.6598827838897705 222
1741051582517 0.6560859084129333 223
1741051582518 0.6585156321525574 224
1741051582518 0.6598125100135803 225
1741051582518 0.6599218845367432 226
1741051582519 0.660226583480835 227
1741051582519 0.6570703387260437 228
1741051582520 0.6606093645095825 229
1741051582520 0.659109354019165 230
1741051582520 0.6602030992507935 231
1741051582521 0.6597421765327454 232
1741051582521 0.6596328020095825 233
1741051582521 0.6616796851158142 234
1741051582522 0.6604375243186951 235
1741051582522 0.6605781316757202 236
1741051582523 0.662835955619812 237
1741051582523 0.6599531173706055 238
1741051582523 0.6607109308242798 239
1741051582524 0.6630703210830688 240
1741051582524 0.6611640453338623 241
1741051582525 0.6591562628746033 242
1741051582525 0.6636796593666077 243
1741051582525 0.6603671908378601 244
1741051582526 0.6667109131813049 245
1741051582526 0.6622031331062317 246
1741051582527 0.6605625152587891 247
1741051582527 0.6615312695503235 248
1741051582527 0.6614453196525574 249
1741051582528 0.6655937433242798 250
1741051582528 0.6629453301429749 251
1741051582529 0.6631640791893005 252
1741051582529 0.6616406440734863 253
1741051582529 0.6626328229904175 254
1741051582530 0.6637265682220459 255
1741051582530 0.6642343997955322 256
1741051582531 0.6636718511581421 257
1741051582531 0.6650078296661377 258
1741051582531 0.6661328077316284 259
1741051582532 0.6620000004768372 260
1741051582532 0.6654297113418579 261
1741051582533 0.6641015410423279 262
1741051582533 0.6659062504768372 263
1741051582533 0.6654062271118164 264
1741051582534 0.663210928440094 265
1741051582534 0.6658594012260437 266
1741051582535 0.6653515696525574 267
1741051582535 0.6666952967643738 268
1741051582535 0.6658672094345093 269
1741051582536 0.6656796932220459 270
1741051582536 0.6654999852180481 271
1741051582537 0.6673046946525574 272
1741051582537 0.6673593521118164 273
1741051582537 0.6662499904632568 274
1741051582538 0.668820321559906 275
1741051582538 0.6636250019073486 276
1741051582538 0.6670469045639038 277
1741051582539 0.6693671941757202 278
1741051582539 0.6659530997276306 279
1741051582540 0.668695330619812 280
1741051582540 0.6661328077316284 281
1741051582540 0.6679609417915344 282
1741051582541 0.6679062247276306 283
1741051582541 0.6654843688011169 284
1741051582542 0.667898416519165 285
1741051582542 0.6666484475135803 286
1741051582543 0.6677500009536743 287
1741051582543 0.6692031025886536 288
1741051582543 0.667117178440094 289
1741051582544 0.6697499752044678 290
1741051582544 0.6675546765327454 291
1741051582545 0.6681171655654907 292
1741051582545 0.6667187213897705 293
1741051582545 0.6706562638282776 294
1741051582546 0.6687656044960022 295
1741051582546 0.6666640639305115 296
1741051582547 0.6700702905654907 297
1741051582547 0.6691484451293945 298
1741051582547 0.6697577834129333 299
1741051582548 0.6677500009536743 300
1741051582548 0.6698828339576721 301
1741051582549 0.6735234260559082 302
1741051582549 0.6693593859672546 303
1741051582549 0.6705937385559082 304
1741051582550 0.6687812209129333 305
1741051582550 0.6710703372955322 306
1741051582551 0.6708672046661377 307
1741051582551 0.6700546741485596 308
1741051582551 0.6701874732971191 309
1741051582552 0.6684062480926514 310
1741051582552 0.6686562299728394 311
1741051582552 0.6720156073570251 312
1741051582553 0.6713827848434448 313
1741051582553 0.6719218492507935 314
1741051582554 0.6718281507492065 315
1741051582554 0.6719531416893005 316
1741051582554 0.6709765791893005 317
1741051582555 0.6723593473434448 318
1741051582555 0.6708202958106995 319
1741051582556 0.6716874837875366 320
1741051582556 0.671218752861023 321
1741051582556 0.6735625267028809 322
1741051582557 0.6714765429496765 323
1741051582557 0.6724062561988831 324
1741051582558 0.6713047027587891 325
1741051582558 0.671945333480835 326
1741051582558 0.6735468506813049 327
1741051582559 0.6727890372276306 328
1741051582559 0.6729687452316284 329
1741051582560 0.6709531545639038 330
1741051582560 0.6747968792915344 331
1741051582560 0.6749687790870667 332
1741051582561 0.6726718544960022 333
1741051582561 0.6733750104904175 334
1741051582562 0.6721405982971191 335
1741051582562 0.6723593473434448 336
1741051582562 0.6742500066757202 337
1741051582563 0.6728359460830688 338
1741051582563 0.6736406087875366 339
1741051582563 0.6730156540870667 340
1741051582564 0.6759218573570251 341
1741051582564 0.674679696559906 342
1741051582565 0.6729687452316284 343
1741051582565 0.673507809638977 344
1741051582565 0.6740312576293945 345
1741051582566 0.6727343797683716 346
1741051582566 0.6725624799728394 347
1741051582567 0.6746327877044678 348
1741051582567 0.6739296913146973 349
1741051582567 0.6756250262260437 350
1741051582568 0.6746484637260437 351
1741051582568 0.674203097820282 352
1741051582569 0.6768515706062317 353
1741051582569 0.6721875071525574 354
1741051582569 0.6751093864440918 355
1741051582570 0.6757031083106995 356
1741051582570 0.6744140386581421 357
1741051582571 0.6756718754768372 358
1741051582571 0.6733359098434448 359
1741051582571 0.6762187480926514 360
1741051582572 0.674554705619812 361
1741051582572 0.674148440361023 362
1741051582572 0.6755468845367432 363
1741051582573 0.6754843592643738 364
1741051582573 0.6771875023841858 365
1741051582574 0.6767265796661377 366
1741051582574 0.6764140725135803 367
1741051582574 0.6775937676429749 368
1741051582575 0.6767109632492065 369
1741051582575 0.6769999861717224 370
1741051582576 0.676156222820282 371
1741051582576 0.6758984327316284 372
1741051582576 0.6771015524864197 373
1741051582577 0.6775078177452087 374
1741051582577 0.6779687404632568 375
1741051582578 0.6780624985694885 376
1741051582578 0.6765390634536743 377
1741051582578 0.6769999861717224 378
1741051582579 0.6763671636581421 379
1741051582579 0.6797187328338623 380
1741051582579 0.6781640648841858 381
1741051582580 0.6782109141349792 382
1741051582580 0.6774374842643738 383
1741051582581 0.6761718988418579 384
1741051582581 0.6763203144073486 385
1741051582581 0.677359402179718 386
1741051582582 0.6776953339576721 387
1741051582582 0.6765000224113464 388
1741051582583 0.6788984537124634 389
1741051582583 0.6796327829360962 390
1741051582583 0.6784453392028809 391
1741051582584 0.6786875128746033 392
1741051582584 0.6763906478881836 393
1741051582585 0.6769765615463257 394
1741051582585 0.679367184638977 395
1741051582585 0.678781270980835 396
1741051582586 0.680007815361023 397
1741051582586 0.6777421832084656 398
1741051582586 0.6788906455039978 399
1741051582587 0.679437518119812 400
1741051582587 0.6818827986717224 401
1741051582588 0.6797343492507935 402
1741051582588 0.6762734651565552 403
1741051582588 0.6787577867507935 404
1741051582589 0.6796796917915344 405
1741051582589 0.6784687638282776 406
1741051582590 0.6809453368186951 407
1741051582590 0.6799921989440918 408
1741051582590 0.6776484251022339 409
1741051582591 0.6798281073570251 410
1741051582591 0.6799296736717224 411
1741051582592 0.680007815361023 412
1741051582592 0.6780156493186951 413
1741051582592 0.6785937547683716 414
1741051582593 0.6798281073570251 415
1741051582593 0.6806562542915344 416
1741051582594 0.6785703301429749 417
1741051582594 0.6806874871253967 418
1741051582594 0.6820312738418579 419
1741051582595 0.6785703301429749 420
1741051582595 0.6818203330039978 421
1741051582595 0.6791640520095825 422
1741051582596 0.6798593997955322 423
1741051582596 0.679937481880188 424
1741051582597 0.6811562776565552 425
1741051582597 0.6796796917915344 426
1741051582597 0.6795781254768372 427
1741051582598 0.6816562414169312 428
1741051582598 0.6804218888282776 429
1741051582599 0.6816796660423279 430
1741051582599 0.6813515424728394 431
1741051582599 0.6793749928474426 432
1741051582600 0.6829843521118164 433
1741051582600 0.6803749799728394 434
1741051582601 0.6796562671661377 435
1741051582601 0.6824609637260437 436
1741051582601 0.6788593530654907 437
1741051582602 0.6806328296661377 438
1741051582602 0.6809218525886536 439
1741051582602 0.6819297075271606 440
1741051582603 0.6804765462875366 441
1741051582603 0.6798046827316284 442
1741051582604 0.682867169380188 443
1741051582604 0.6810312271118164 444
1741051582604 0.6836718916893005 445
1741051582605 0.6798672080039978 446
1741051582605 0.6853906512260437 447
1741051582606 0.6836484670639038 448
1741051582606 0.6839843988418579 449
1741051582606 0.6817968487739563 450
1741051582607 0.6813125014305115 451
1741051582607 0.6816484332084656 452
1741051582608 0.6833906173706055 453
1741051582608 0.6829140782356262 454
1741051582608 0.6825859546661377 455
1741051582609 0.6824530959129333 456
1741051582609 0.6820234656333923 457
1741051582610 0.6826797127723694 458
1741051582610 0.680343747138977 459
1741051582610 0.6828437447547913 460
1741051582611 0.682296872138977 461
1741051582611 0.6822656393051147 462
1741051582611 0.682492196559906 463
1741051582612 0.681710958480835 464
1741051582612 0.6827812790870667 465
1741051582613 0.6820703148841858 466
1741051582613 0.6843906044960022 467
1741051582613 0.6838906407356262 468
1741051582614 0.6837968826293945 469
1741051582614 0.6826093792915344 470
1741051582615 0.6817734241485596 471
1741051582615 0.6836015582084656 472
1741051582615 0.6825078129768372 473
1741051582616 0.6837656497955322 474
1741051582616 0.6827577948570251 475
1741051582617 0.6828281283378601 476
1741051582617 0.686453104019165 477
1741051582617 0.6834843754768372 478
1741051582618 0.6844921708106995 479
1741051582618 0.6827577948570251 480
1741051582618 0.6835469007492065 481
1741051582619 0.6849062442779541 482
1741051582619 0.6851797103881836 483
1741051582620 0.6825937628746033 484
1741051582620 0.6831796765327454 485
1741051582620 0.6829218864440918 486
1741051582621 0.6850937604904175 487
1741051582621 0.6846093535423279 488
1741051582622 0.685867190361023 489
1741051582622 0.6846718788146973 490
1741051582622 0.6864374876022339 491
1741051582623 0.6852109432220459 492
1741051582623 0.6853827834129333 493
1741051582624 0.6858046650886536 494
1741051582624 0.6832031011581421 495
1741051582624 0.6857656240463257 496
1741051582625 0.6856094002723694 497
1741051582625 0.6860703229904175 498
1741051582625 0.6865078210830688 499
