1741044753338 3.962552070617676 0
1741044753338 3.7210259437561035 1
1741044753339 3.6513442993164062 2
1741044753339 3.6059932708740234 3
1741044753340 3.5315020084381104 4
1741044753340 3.495251417160034 5
1741044753341 3.44614839553833 6
1741044753341 3.3883402347564697 7
1741044753341 3.376176118850708 8
1741044753342 3.331491470336914 9
1741044753342 3.2927281856536865 10
1741044753343 3.277853012084961 11
1741044753343 3.2564284801483154 12
1741044753344 3.207185745239258 13
1741044753344 3.170220136642456 14
1741044753344 3.1433680057525635 15
1741044753345 3.134866952896118 16
1741044753345 3.1036863327026367 17
1741044753346 3.066815137863159 18
1741044753346 3.0232954025268555 19
1741044753346 3.014039993286133 20
1741044753347 2.972092628479004 21
1741044753347 2.9650585651397705 22
1741044753348 2.9571797847747803 23
1741044753348 2.9180076122283936 24
1741044753348 2.898562431335449 25
1741044753349 2.8633997440338135 26
1741044753349 2.847792387008667 27
1741044753350 2.842460870742798 28
1741044753350 2.7874250411987305 29
1741044753350 2.7760486602783203 30
1741044753351 2.7770836353302 31
1741044753351 2.7426886558532715 32
1741044753352 2.718898057937622 33
1741044753352 2.720766544342041 34
1741044753352 2.6938092708587646 35
1741044753353 2.6795339584350586 36
1741044753353 2.6671454906463623 37
1741044753353 2.629667282104492 38
1741044753354 2.617325782775879 39
1741044753354 2.6076483726501465 40
1741044753355 2.595341205596924 41
1741044753355 2.5922741889953613 42
1741044753355 2.5652894973754883 43
1741044753356 2.5588560104370117 44
1741044753356 2.5539214611053467 45
1741044753357 2.5291521549224854 46
1741044753357 2.5270042419433594 47
1741044753357 2.5114879608154297 48
1741044753358 2.4648940563201904 49
