1741044753338 0.03617187589406967 0
1741044753338 0.05531249940395355 1
1741044753339 0.07531250268220901 2
1741044753339 0.08695312589406967 3
1741044753340 0.10515625029802322 4
1741044753340 0.11187499761581421 5
1741044753341 0.12296874821186066 6
1741044753341 0.12851563096046448 7
1741044753341 0.1342187523841858 8
1741044753342 0.14531250298023224 9
1741044753342 0.1528906226158142 10
1741044753343 0.15648438036441803 11
1741044753343 0.16203124821186066 12
1741044753344 0.17226561903953552 13
1741044753344 0.18171875178813934 14
1741044753344 0.18390625715255737 15
1741044753345 0.18687500059604645 16
1741044753345 0.19468750059604645 17
1741044753346 0.20070312917232513 18
1741044753346 0.21320313215255737 19
1741044753346 0.21453124284744263 20
1741044753347 0.22218750417232513 21
1741044753347 0.22960937023162842 22
1741044753348 0.2311718761920929 23
1741044753348 0.23749999701976776 24
1741044753348 0.24671874940395355 25
1741044753349 0.2522656321525574 26
1741044753349 0.25632813572883606 27
1741044753350 0.259765625 28
1741044753350 0.2693749964237213 29
1741044753350 0.2709375023841858 30
1741044753351 0.27242186665534973 31
1741044753351 0.2796874940395355 32
1741044753352 0.2901562452316284 33
1741044753352 0.28296875953674316 34
1741044753352 0.2960156202316284 35
1741044753353 0.2965624928474426 36
1741044753353 0.3050000071525574 37
1741044753353 0.30960938334465027 38
1741044753354 0.31203123927116394 39
1741044753354 0.3121093809604645 40
1741044753355 0.3178125023841858 41
1741044753355 0.3192187547683716 42
1741044753355 0.3229687511920929 43
1741044753356 0.32593750953674316 44
1741044753356 0.3285156190395355 45
1741044753357 0.3356249928474426 46
1741044753357 0.3385937511920929 47
1741044753357 0.33656251430511475 48
1741044753358 0.34757813811302185 49
