1741045367460 0.029843749478459358 0
1741045367460 0.03671874850988388 1
1741045367461 0.05156249925494194 2
1741045367461 0.05624999850988388 3
1741045367462 0.06234375014901161 4
1741045367462 0.07421875 5
1741045367463 0.08343750238418579 6
1741045367463 0.0859375 7
1741045367464 0.08984375 8
1741045367464 0.10015624761581421 9
1741045367464 0.10125000029802322 10
1741045367465 0.11328125 11
1741045367465 0.11999999731779099 12
1741045367466 0.11218749731779099 13
1741045367466 0.12937499582767487 14
1741045367466 0.12828125059604645 15
1741045367467 0.13953125476837158 16
1741045367467 0.14124999940395355 17
1741045367468 0.1432812511920929 18
1741045367468 0.15187500417232513 19
1741045367468 0.1509374976158142 20
1741045367469 0.15546874701976776 21
1741045367469 0.1640625 22
1741045367470 0.16718749701976776 23
1741045367470 0.17421874403953552 24
