1741045367460 4.127833843231201 0
1741045367460 3.853459358215332 1
1741045367461 3.7528882026672363 2
1741045367461 3.7152295112609863 3
1741045367462 3.686335563659668 4
1741045367462 3.6580779552459717 5
1741045367463 3.6294820308685303 6
1741045367463 3.587857723236084 7
1741045367464 3.582709312438965 8
1741045367464 3.5221176147460938 9
1741045367464 3.5003085136413574 10
1741045367465 3.4604387283325195 11
1741045367465 3.449650287628174 12
1741045367466 3.4545397758483887 13
1741045367466 3.407621145248413 14
1741045367466 3.3871243000030518 15
1741045367467 3.345707416534424 16
1741045367467 3.335952043533325 17
1741045367468 3.325028419494629 18
1741045367468 3.292618989944458 19
1741045367468 3.2860379219055176 20
1741045367469 3.2661309242248535 21
1741045367469 3.234875202178955 22
1741045367470 3.22398042678833 23
1741045367470 3.220371723175049 24
