1741110382070 0.09340625256299973 0
1741110382070 0.17842186987400055 1
1741110382071 0.2318437546491623 2
1741110382071 0.2645937502384186 3
1741110382072 0.2942734360694885 4
1741110382072 0.31516405940055847 5
1741110382073 0.33351561427116394 6
1741110382073 0.35112500190734863 7
1741110382074 0.3699687421321869 8
1741110382074 0.3821406364440918 9
1741110382075 0.3967265486717224 10
1741110382075 0.40889063477516174 11
1741110382075 0.419984370470047 12
1741110382076 0.4281249940395355 13
1741110382076 0.43535155057907104 14
1741110382077 0.4450703263282776 15
1741110382077 0.4482734501361847 16
1741110382078 0.4557812511920929 17
1741110382078 0.46382030844688416 18
1741110382078 0.46584373712539673 19
1741110382079 0.47255468368530273 20
1741110382079 0.4761640727519989 21
1741110382080 0.4805625081062317 22
1741110382080 0.486453115940094 23
1741110382080 0.48865625262260437 24
1741110382081 0.49156248569488525 25
1741110382081 0.4959765672683716 26
1741110382082 0.4966406226158142 27
1741110382082 0.5025781393051147 28
1741110382082 0.5050703287124634 29
1741110382083 0.5061406493186951 30
1741110382083 0.5106640458106995 31
1741110382084 0.5127421617507935 32
1741110382084 0.5162578225135803 33
1741110382085 0.5197421908378601 34
1741110382085 0.5169140696525574 35
1741110382085 0.5206015706062317 36
1741110382086 0.523367166519165 37
1741110382086 0.5249687433242798 38
1741110382087 0.5270702838897705 39
1741110382087 0.5277109146118164 40
1741110382087 0.5308359265327454 41
1741110382088 0.5332578420639038 42
1741110382088 0.532953143119812 43
1741110382089 0.5355937480926514 44
1741110382089 0.5340703129768372 45
1741110382089 0.536789059638977 46
1741110382090 0.5357031226158142 47
1741110382090 0.541335940361023 48
1741110382091 0.5409765839576721 49
1741110382091 0.5453906059265137 50
1741110382091 0.5460078120231628 51
1741110382092 0.5461719036102295 52
1741110382092 0.5476796627044678 53
1741110382093 0.5477890372276306 54
1741110382093 0.5506093502044678 55
1741110382093 0.551953136920929 56
1741110382094 0.551031231880188 57
1741110382094 0.5537031292915344 58
1741110382095 0.5522890686988831 59
1741110382095 0.5529609322547913 60
1741110382096 0.5549218654632568 61
1741110382096 0.5544453263282776 62
1741110382096 0.5548202991485596 63
1741110382097 0.5565780997276306 64
1741110382097 0.5581406354904175 65
1741110382098 0.5583124756813049 66
1741110382098 0.5591406226158142 67
1741110382098 0.5598750114440918 68
1741110382099 0.5632578134536743 69
1741110382099 0.5616875290870667 70
1741110382100 0.5646796822547913 71
1741110382100 0.5639452934265137 72
1741110382100 0.5619218945503235 73
1741110382101 0.5645546913146973 74
1741110382101 0.5649218559265137 75
1741110382102 0.5646328330039978 76
1741110382102 0.5655624866485596 77
1741110382102 0.5688593983650208 78
1741110382103 0.5673828125 79
1741110382103 0.5681952834129333 80
1741110382104 0.5679062604904175 81
1741110382104 0.566726565361023 82
1741110382104 0.5692890882492065 83
1741110382105 0.5702890753746033 84
1741110382105 0.5705156326293945 85
1741110382106 0.570914089679718 86
1741110382106 0.5727656483650208 87
1741110382106 0.5706562399864197 88
1741110382107 0.5737265348434448 89
1741110382107 0.5734687447547913 90
1741110382108 0.5738906264305115 91
1741110382108 0.5768828392028809 92
1741110382108 0.576546847820282 93
1741110382109 0.5771562457084656 94
1741110382109 0.5774609446525574 95
1741110382110 0.5748984217643738 96
1741110382110 0.5767655968666077 97
1741110382110 0.5763593912124634 98
1741110382111 0.5775156021118164 99
1741110382111 0.5811094045639038 100
1741110382112 0.5794062614440918 101
1741110382112 0.5826406478881836 102
1741110382112 0.5818281173706055 103
1741110382113 0.5817890763282776 104
1741110382113 0.5812578201293945 105
1741110382114 0.5820000171661377 106
1741110382114 0.5820780992507935 107
1741110382114 0.5827656388282776 108
1741110382115 0.5845156311988831 109
1741110382115 0.5816093683242798 110
1741110382116 0.5844062566757202 111
1741110382116 0.583328127861023 112
1741110382116 0.5827734470367432 113
1741110382117 0.5851796865463257 114
1741110382117 0.5860546827316284 115
1741110382118 0.5872421860694885 116
1741110382118 0.5864843726158142 117
1741110382118 0.5884140729904175 118
1741110382119 0.5888906121253967 119
1741110382119 0.5879374742507935 120
1741110382120 0.589523434638977 121
1741110382120 0.5912578105926514 122
1741110382120 0.5889219045639038 123
1741110382121 0.5913281440734863 124
1741110382121 0.5882031321525574 125
1741110382122 0.5909062623977661 126
1741110382122 0.592046856880188 127
1741110382123 0.5900078415870667 128
1741110382123 0.5918515920639038 129
1741110382123 0.5917890667915344 130
1741110382124 0.5918750166893005 131
1741110382124 0.5938515663146973 132
1741110382125 0.5919609665870667 133
1741110382125 0.5964218974113464 134
1741110382125 0.5954453349113464 135
1741110382126 0.5952578186988831 136
1741110382126 0.5950078368186951 137
1741110382127 0.594476580619812 138
1741110382127 0.5946640372276306 139
1741110382127 0.5979140400886536 140
1741110382128 0.5975546836853027 141
1741110382128 0.596484363079071 142
1741110382129 0.5945624709129333 143
1741110382129 0.5952500104904175 144
1741110382129 0.5973047018051147 145
1741110382130 0.5970312356948853 146
1741110382130 0.5972187519073486 147
1741110382131 0.5957812666893005 148
1741110382131 0.5979140400886536 149
1741110382131 0.5986484289169312 150
1741110382132 0.6016172170639038 151
1741110382132 0.5975937247276306 152
1741110382133 0.5985312461853027 153
1741110382133 0.6000156402587891 154
1741110382133 0.6010702848434448 155
1741110382134 0.6018046736717224 156
1741110382134 0.6017656326293945 157
1741110382135 0.6003124713897705 158
1741110382135 0.5998906493186951 159
1741110382136 0.5996562242507935 160
1741110382136 0.6018750071525574 161
1741110382136 0.6016484498977661 162
1741110382137 0.6016796827316284 163
1741110382137 0.6022734642028809 164
1741110382138 0.6044765710830688 165
1741110382138 0.6017343997955322 166
1741110382139 0.6037577986717224 167
1741110382139 0.6015625 168
1741110382139 0.6034843921661377 169
1741110382140 0.6040390729904175 170
1741110382140 0.6055155992507935 171
1741110382141 0.6047187447547913 172
1741110382141 0.6043593883514404 173
1741110382141 0.6038203239440918 174
1741110382142 0.6034765839576721 175
1741110382142 0.6049140691757202 176
1741110382143 0.6060234308242798 177
1741110382143 0.6046562790870667 178
1741110382143 0.6061718463897705 179
1741110382144 0.6073203086853027 180
1741110382144 0.6057265400886536 181
1741110382145 0.6056562662124634 182
1741110382145 0.6081249713897705 183
1741110382145 0.6054297089576721 184
1741110382146 0.6079140901565552 185
1741110382146 0.6046953201293945 186
1741110382147 0.6082968711853027 187
1741110382147 0.6076015830039978 188
1741110382147 0.6076484322547913 189
1741110382148 0.610031247138977 190
1741110382148 0.6096875071525574 191
1741110382149 0.6086406111717224 192
1741110382149 0.6079531311988831 193
1741110382149 0.609445333480835 194
1741110382150 0.6100937724113464 195
1741110382150 0.6107890605926514 196
1741110382151 0.6095781326293945 197
1741110382151 0.6082656383514404 198
1741110382151 0.6086640357971191 199
1741110382152 0.6114609241485596 200
1741110382152 0.6110234260559082 201
1741110382153 0.6112968921661377 202
1741110382153 0.611132800579071 203
1741110382153 0.6131171584129333 204
1741110382154 0.6136093735694885 205
1741110382154 0.6103906035423279 206
1741110382155 0.6117734313011169 207
1741110382155 0.6128984093666077 208
1741110382155 0.6102109551429749 209
1741110382156 0.6150624752044678 210
1741110382156 0.6122968792915344 211
1741110382157 0.6131953001022339 212
1741110382157 0.6161562204360962 213
1741110382157 0.6137812733650208 214
1741110382158 0.6130077838897705 215
1741110382158 0.613531231880188 216
1741110382159 0.6146406531333923 217
1741110382159 0.6151406168937683 218
1741110382159 0.6146640777587891 219
1741110382160 0.6177577972412109 220
1741110382160 0.6148437261581421 221
1741110382161 0.6137655973434448 222
1741110382161 0.6144297122955322 223
1741110382161 0.6163984537124634 224
1741110382162 0.6168281435966492 225
1741110382162 0.6181328296661377 226
1741110382163 0.6157109141349792 227
1741110382163 0.6166015863418579 228
1741110382163 0.6175390481948853 229
1741110382164 0.6174843907356262 230
1741110382164 0.6186875104904175 231
1741110382165 0.618234395980835 232
1741110382165 0.6152187585830688 233
1741110382165 0.6176718473434448 234
1741110382166 0.6187812685966492 235
1741110382166 0.6162734627723694 236
1741110382167 0.6184375286102295 237
1741110382167 0.6170390844345093 238
1741110382167 0.6171640753746033 239
1741110382168 0.6193281412124634 240
1741110382168 0.617968738079071 241
1741110382169 0.6198124885559082 242
1741110382169 0.6182109117507935 243
1741110382169 0.6212812662124634 244
1741110382170 0.6200546622276306 245
1741110382170 0.6211718916893005 246
1741110382171 0.6188593506813049 247
1741110382171 0.6182500123977661 248
1741110382171 0.6195077896118164 249
1741110382172 0.6203749775886536 250
1741110382172 0.6195077896118164 251
1741110382173 0.6220703125 252
1741110382173 0.6195546984672546 253
1741110382173 0.6197109222412109 254
1741110382174 0.6202577948570251 255
1741110382174 0.6221718788146973 256
1741110382175 0.6189296841621399 257
1741110382175 0.6229453086853027 258
1741110382175 0.6247187256813049 259
1741110382176 0.6198046803474426 260
1741110382176 0.6226093769073486 261
1741110382177 0.6206796765327454 262
1741110382177 0.6204218864440918 263
1741110382177 0.621945321559906 264
1741110382178 0.6208359599113464 265
1741110382178 0.6217890381813049 266
1741110382179 0.6224609613418579 267
1741110382179 0.6213281154632568 268
1741110382179 0.6235625147819519 269
1741110382180 0.6226797103881836 270
1741110382180 0.6223593950271606 271
1741110382180 0.6248593926429749 272
1741110382181 0.6228437423706055 273
1741110382181 0.6222500205039978 274
1741110382182 0.6219765543937683 275
1741110382182 0.6240781545639038 276
1741110382182 0.6246484518051147 277
1741110382183 0.626101553440094 278
1741110382183 0.6244609355926514 279
1741110382184 0.6215000152587891 280
1741110382184 0.6236953139305115 281
1741110382184 0.6248906254768372 282
1741110382185 0.6241015791893005 283
1741110382185 0.6245625019073486 284
1741110382186 0.6246171593666077 285
1741110382186 0.6273046731948853 286
1741110382186 0.6248124837875366 287
1741110382187 0.626101553440094 288
1741110382187 0.6264765858650208 289
1741110382188 0.6242343783378601 290
1741110382188 0.6260156035423279 291
1741110382188 0.6252187490463257 292
1741110382189 0.6273437738418579 293
1741110382189 0.6260234117507935 294
1741110382190 0.6256484389305115 295
1741110382190 0.6249687671661377 296
1741110382190 0.6269375085830688 297
1741110382191 0.6234999895095825 298
1741110382191 0.6239922046661377 299
1741110382192 0.6262500286102295 300
1741110382192 0.6268047094345093 301
1741110382192 0.6273828148841858 302
1741110382193 0.6263828277587891 303
1741110382193 0.6254687309265137 304
1741110382194 0.6259453296661377 305
1741110382194 0.6281093955039978 306
1741110382194 0.6283906102180481 307
1741110382195 0.6258437633514404 308
1741110382195 0.6285781264305115 309
1741110382196 0.6281640529632568 310
1741110382196 0.6278437376022339 311
1741110382196 0.62890625 312
1741110382197 0.6267656087875366 313
1741110382197 0.6277499794960022 314
1741110382198 0.6281406283378601 315
1741110382198 0.628250002861023 316
1741110382198 0.6300156116485596 317
1741110382199 0.6267265677452087 318
1741110382199 0.6274062395095825 319
1741110382200 0.6291484236717224 320
1741110382200 0.6278437376022339 321
1741110382200 0.6275078058242798 322
1741110382201 0.6290390491485596 323
1741110382201 0.630789041519165 324
1741110382201 0.6279062628746033 325
1741110382202 0.6298359632492065 326
1741110382202 0.6288672089576721 327
1741110382203 0.6312734484672546 328
1741110382203 0.6282031536102295 329
1741110382203 0.6300234198570251 330
1741110382204 0.6312578320503235 331
1741110382204 0.6301249861717224 332
1741110382205 0.6306874752044678 333
1741110382205 0.6305312514305115 334
1741110382205 0.6329140663146973 335
1741110382206 0.6313437223434448 336
1741110382206 0.631054699420929 337
1741110382207 0.6310781240463257 338
1741110382207 0.6323593854904175 339
1741110382207 0.6316718459129333 340
1741110382208 0.6299218535423279 341
1741110382208 0.632562518119812 342
1741110382209 0.6299609541893005 343
1741110382209 0.6319687366485596 344
1741110382209 0.6311171650886536 345
1741110382210 0.632085919380188 346
1741110382210 0.6304922103881836 347
1741110382211 0.6322578191757202 348
1741110382211 0.6313828229904175 349
1741110382211 0.630734384059906 350
1741110382212 0.6327577829360962 351
1741110382212 0.6300859451293945 352
1741110382212 0.6325547099113464 353
1741110382213 0.6321484446525574 354
1741110382213 0.6317734122276306 355
1741110382214 0.6316171884536743 356
1741110382214 0.6309140920639038 357
1741110382214 0.6330390572547913 358
1741110382215 0.630539059638977 359
1741110382215 0.6343593597412109 360
1741110382216 0.634109377861023 361
1741110382216 0.6334453225135803 362
1741110382216 0.6340468525886536 363
1741110382217 0.6323593854904175 364
1741110382217 0.6310703158378601 365
1741110382218 0.6350390911102295 366
1741110382218 0.6333047151565552 367
1741110382218 0.6314687728881836 368
1741110382219 0.6326484084129333 369
1741110382219 0.6331250071525574 370
1741110382220 0.6316875219345093 371
1741110382220 0.6333359479904175 372
1741110382220 0.6321328282356262 373
1741110382221 0.6325390338897705 374
1741110382221 0.6346015334129333 375
1741110382222 0.6335468888282776 376
1741110382222 0.6318125128746033 377
1741110382222 0.6332578063011169 378
1741110382223 0.6348281502723694 379
1741110382223 0.6340312361717224 380
1741110382224 0.6378984451293945 381
1741110382224 0.6336953043937683 382
1741110382224 0.6341015696525574 383
1741110382225 0.632156252861023 384
1741110382225 0.6365000009536743 385
1741110382225 0.6343515515327454 386
1741110382226 0.6318125128746033 387
1741110382226 0.6345000267028809 388
1741110382227 0.6331015825271606 389
1741110382227 0.6358359456062317 390
1741110382228 0.6367968916893005 391
1741110382228 0.6333515644073486 392
1741110382228 0.6368671655654907 393
1741110382229 0.6345000267028809 394
1741110382229 0.637765645980835 395
1741110382230 0.6367968916893005 396
1741110382230 0.6349765658378601 397
1741110382230 0.6349297165870667 398
1741110382231 0.6376640796661377 399
1741110382231 0.6359453201293945 400
1741110382232 0.6343203186988831 401
1741110382232 0.636843740940094 402
1741110382232 0.6347734332084656 403
1741110382233 0.6371484398841858 404
1741110382233 0.6364843845367432 405
1741110382234 0.6381875276565552 406
1741110382234 0.6368828415870667 407
1741110382234 0.6357578039169312 408
1741110382235 0.6371015906333923 409
1741110382235 0.6362109184265137 410
1741110382235 0.6386484503746033 411
1741110382236 0.6363046765327454 412
1741110382236 0.6373984217643738 413
1741110382237 0.6370234489440918 414
1741110382237 0.6338828206062317 415
1741110382237 0.6391718983650208 416
1741110382238 0.6370468735694885 417
1741110382238 0.6376562714576721 418
1741110382239 0.635867178440094 419
1741110382239 0.637445330619812 420
1741110382239 0.6369062662124634 421
1741110382240 0.638070285320282 422
1741110382240 0.6372109651565552 423
1741110382241 0.6367812752723694 424
1741110382241 0.6374921798706055 425
1741110382241 0.6387187242507935 426
1741110382242 0.6360390782356262 427
1741110382242 0.6379687786102295 428
1741110382243 0.6380000114440918 429
1741110382243 0.6404843926429749 430
1741110382243 0.6372109651565552 431
1741110382244 0.6411250233650208 432
1741110382244 0.6398046612739563 433
1741110382245 0.6410156488418579 434
1741110382245 0.6383906006813049 435
1741110382245 0.6390156149864197 436
1741110382246 0.6381250023841858 437
1741110382246 0.639273464679718 438
1741110382247 0.6389140486717224 439
1741110382247 0.6404609084129333 440
1741110382247 0.636523425579071 441
1741110382248 0.6385546922683716 442
1741110382248 0.6407812237739563 443
1741110382248 0.6422187685966492 444
1741110382249 0.6394609212875366 445
1741110382249 0.6404218673706055 446
1741110382250 0.6383281350135803 447
1741110382250 0.6408437490463257 448
1741110382250 0.6389999985694885 449
1741110382251 0.6379843950271606 450
1741110382251 0.6371562480926514 451
1741110382252 0.6382109522819519 452
1741110382252 0.6408905982971191 453
1741110382252 0.6410937309265137 454
1741110382253 0.6381640434265137 455
1741110382253 0.638601541519165 456
1741110382254 0.6395468711853027 457
1741110382254 0.6399843692779541 458
1741110382254 0.6391249895095825 459
1741110382255 0.6396484375 460
1741110382255 0.6415859460830688 461
1741110382256 0.6378515362739563 462
1741110382256 0.6413202881813049 463
1741110382256 0.6420702934265137 464
1741110382257 0.6400312781333923 465
1741110382257 0.639898419380188 466
1741110382258 0.6402109265327454 467
1741110382258 0.6421952843666077 468
1741110382258 0.6403515338897705 469
1741110382259 0.641531229019165 470
1741110382259 0.6396874785423279 471
1741110382259 0.6424453258514404 472
1741110382260 0.6405078172683716 473
1741110382260 0.6399453282356262 474
1741110382261 0.6386093497276306 475
1741110382261 0.6412187218666077 476
1741110382261 0.6419844031333923 477
1741110382262 0.6400156021118164 478
1741110382262 0.6414843797683716 479
1741110382263 0.6406015753746033 480
1741110382263 0.6429218649864197 481
1741110382263 0.6407968997955322 482
1741110382264 0.6414374709129333 483
1741110382264 0.6427265405654907 484
1741110382265 0.6397578120231628 485
1741110382265 0.6417656540870667 486
1741110382265 0.6415703296661377 487
1741110382266 0.6396328210830688 488
1741110382266 0.6410156488418579 489
1741110382267 0.6409609317779541 490
1741110382267 0.6410078406333923 491
1741110382267 0.6407109498977661 492
1741110382268 0.6425234079360962 493
1741110382268 0.640999972820282 494
1741110382268 0.6436718702316284 495
1741110382269 0.6422734260559082 496
1741110382269 0.6408281326293945 497
1741110382270 0.6406171917915344 498
1741110382270 0.6419609189033508 499
