1741110382070 3.6297101974487305 0
1741110382070 3.1953420639038086 1
1741110382071 2.970939874649048 2
1741110382071 2.8315606117248535 3
1741110382072 2.7220325469970703 4
1741110382072 2.627767562866211 5
1741110382073 2.5619306564331055 6
1741110382073 2.4895498752593994 7
1741110382074 2.427128791809082 8
1741110382074 2.3835291862487793 9
1741110382075 2.324259042739868 10
1741110382075 2.2847931385040283 11
1741110382075 2.2386529445648193 12
1741110382076 2.2117934226989746 13
1741110382076 2.1822783946990967 14
1741110382077 2.1498210430145264 15
1741110382077 2.1330440044403076 16
1741110382078 2.107992172241211 17
1741110382078 2.0790021419525146 18
1741110382078 2.0702812671661377 19
1741110382079 2.045804262161255 20
1741110382079 2.0324392318725586 21
1741110382080 2.0164496898651123 22
1741110382080 1.9927319288253784 23
1741110382080 1.9797449111938477 24
1741110382081 1.972550868988037 25
1741110382081 1.95541250705719 26
1741110382082 1.951649785041809 27
1741110382082 1.9382275342941284 28
1741110382082 1.9249937534332275 29
1741110382083 1.923689603805542 30
1741110382083 1.9046566486358643 31
1741110382084 1.9025453329086304 32
1741110382084 1.8891957998275757 33
1741110382085 1.8750510215759277 34
1741110382085 1.8774172067642212 35
1741110382085 1.8680639266967773 36
1741110382086 1.8525201082229614 37
1741110382086 1.8545390367507935 38
1741110382087 1.846774697303772 39
1741110382087 1.8403149843215942 40
1741110382087 1.8307896852493286 41
1741110382088 1.8234230279922485 42
1741110382088 1.8271311521530151 43
1741110382089 1.809982419013977 44
1741110382089 1.8194893598556519 45
1741110382089 1.807114839553833 46
1741110382090 1.8054919242858887 47
1741110382090 1.80072021484375 48
1741110382091 1.7962753772735596 49
1741110382091 1.780110239982605 50
1741110382091 1.781033992767334 51
1741110382092 1.7742348909378052 52
1741110382092 1.7745438814163208 53
1741110382093 1.7718008756637573 54
1741110382093 1.7666455507278442 55
1741110382093 1.7591631412506104 56
1741110382094 1.759766936302185 57
1741110382094 1.7491451501846313 58
1741110382095 1.7557700872421265 59
1741110382095 1.746443748474121 60
1741110382096 1.7496823072433472 61
1741110382096 1.745091199874878 62
1741110382096 1.7436894178390503 63
1741110382097 1.7364296913146973 64
1741110382097 1.7322869300842285 65
1741110382098 1.7347588539123535 66
1741110382098 1.7247873544692993 67
1741110382098 1.7275854349136353 68
1741110382099 1.7184791564941406 69
1741110382099 1.7164926528930664 70
1741110382100 1.7142608165740967 71
1741110382100 1.706678032875061 72
1741110382100 1.7139418125152588 73
1741110382101 1.7040774822235107 74
1741110382101 1.7072198390960693 75
1741110382102 1.7107224464416504 76
1741110382102 1.7068400382995605 77
1741110382102 1.6907334327697754 78
1741110382103 1.699549674987793 79
1741110382103 1.6939520835876465 80
1741110382104 1.696090579032898 81
1741110382104 1.7003706693649292 82
1741110382104 1.6889203786849976 83
1741110382105 1.687791109085083 84
1741110382105 1.687488317489624 85
1741110382106 1.6790204048156738 86
1741110382106 1.6764014959335327 87
1741110382106 1.6829358339309692 88
1741110382107 1.6774791479110718 89
1741110382107 1.6778823137283325 90
1741110382108 1.6682207584381104 91
1741110382108 1.6612896919250488 92
1741110382108 1.6678979396820068 93
1741110382109 1.6634886264801025 94
1741110382109 1.6556315422058105 95
1741110382110 1.668424129486084 96
1741110382110 1.6578458547592163 97
1741110382110 1.6628210544586182 98
1741110382111 1.6564395427703857 99
1741110382111 1.6475400924682617 100
1741110382112 1.6541588306427002 101
1741110382112 1.643399715423584 102
1741110382112 1.6433687210083008 103
1741110382113 1.6422171592712402 104
1741110382113 1.642496109008789 105
1741110382114 1.6414965391159058 106
1741110382114 1.6434438228607178 107
1741110382114 1.6390892267227173 108
1741110382115 1.6342742443084717 109
1741110382115 1.6393834352493286 110
1741110382116 1.6371368169784546 111
1741110382116 1.638177752494812 112
1741110382116 1.637449860572815 113
1741110382117 1.6355193853378296 114
1741110382117 1.6310060024261475 115
1741110382118 1.6283150911331177 116
1741110382118 1.6272481679916382 117
1741110382118 1.6229335069656372 118
1741110382119 1.620362639427185 119
1741110382119 1.623818039894104 120
1741110382120 1.6143157482147217 121
1741110382120 1.6131409406661987 122
1741110382120 1.617256999015808 123
1741110382121 1.6167775392532349 124
1741110382121 1.6169764995574951 125
1741110382122 1.611346960067749 126
1741110382122 1.6061820983886719 127
1741110382123 1.6147229671478271 128
1741110382123 1.6085999011993408 129
1741110382123 1.6022816896438599 130
1741110382124 1.6075701713562012 131
1741110382124 1.6043789386749268 132
1741110382125 1.6045550107955933 133
1741110382125 1.5917123556137085 134
1741110382125 1.6007224321365356 135
1741110382126 1.591610074043274 136
1741110382126 1.5952293872833252 137
1741110382127 1.6010310649871826 138
1741110382127 1.592180609703064 139
1741110382127 1.5852241516113281 140
1741110382128 1.5868644714355469 141
1741110382128 1.5879638195037842 142
1741110382129 1.5907208919525146 143
1741110382129 1.5921790599822998 144
1741110382129 1.5880985260009766 145
1741110382130 1.5854969024658203 146
1741110382130 1.5936726331710815 147
1741110382131 1.5884371995925903 148
1741110382131 1.5803569555282593 149
1741110382131 1.583269476890564 150
1741110382132 1.5746142864227295 151
1741110382132 1.593967318534851 152
1741110382133 1.5829944610595703 153
1741110382133 1.5766382217407227 154
1741110382133 1.5753034353256226 155
1741110382134 1.5692541599273682 156
1741110382134 1.5746504068374634 157
1741110382135 1.5749516487121582 158
1741110382135 1.5733124017715454 159
1741110382136 1.5781548023223877 160
1741110382136 1.5706090927124023 161
1741110382136 1.570879340171814 162
1741110382137 1.5719470977783203 163
1741110382137 1.5706411600112915 164
1741110382138 1.5660169124603271 165
1741110382138 1.570628046989441 166
1741110382139 1.563469409942627 167
1741110382139 1.5718237161636353 168
1741110382139 1.5639526844024658 169
1741110382140 1.5640571117401123 170
1741110382140 1.5610811710357666 171
1741110382141 1.562662124633789 172
1741110382141 1.5606322288513184 173
1741110382141 1.567681074142456 174
1741110382142 1.5574259757995605 175
1741110382142 1.5551398992538452 176
1741110382143 1.5509967803955078 177
1741110382143 1.5550192594528198 178
1741110382143 1.5584166049957275 179
1741110382144 1.5483967065811157 180
1741110382144 1.5543863773345947 181
1741110382145 1.5539863109588623 182
1741110382145 1.5481843948364258 183
1741110382145 1.5536402463912964 184
1741110382146 1.548811674118042 185
1741110382146 1.554497480392456 186
1741110382147 1.544571042060852 187
1741110382147 1.5487149953842163 188
1741110382147 1.543707013130188 189
1741110382148 1.5447330474853516 190
1741110382148 1.5450353622436523 191
1741110382149 1.5428051948547363 192
1741110382149 1.54866623878479 193
1741110382149 1.5367635488510132 194
1741110382150 1.5453062057495117 195
1741110382150 1.5400853157043457 196
1741110382151 1.5465582609176636 197
1741110382151 1.5484898090362549 198
1741110382151 1.5458296537399292 199
1741110382152 1.5352081060409546 200
1741110382152 1.5391610860824585 201
1741110382153 1.5381765365600586 202
1741110382153 1.544661283493042 203
1741110382153 1.5372004508972168 204
1741110382154 1.5291049480438232 205
1741110382154 1.5433098077774048 206
1741110382155 1.53534996509552 207
1741110382155 1.530442476272583 208
1741110382155 1.542351245880127 209
1741110382156 1.5231711864471436 210
1741110382156 1.5354344844818115 211
1741110382157 1.5342063903808594 212
1741110382157 1.5197409391403198 213
1741110382157 1.5290120840072632 214
1741110382158 1.5268934965133667 215
1741110382158 1.5341846942901611 216
1741110382159 1.5237748622894287 217
1741110382159 1.5240119695663452 218
1741110382159 1.5302258729934692 219
1741110382160 1.5141651630401611 220
1741110382160 1.5254439115524292 221
1741110382161 1.5286016464233398 222
1741110382161 1.5232003927230835 223
1741110382161 1.5206183195114136 224
1741110382162 1.517695426940918 225
1741110382162 1.518507957458496 226
1741110382163 1.521483302116394 227
1741110382163 1.5207630395889282 228
1741110382163 1.512829303741455 229
1741110382164 1.5199836492538452 230
1741110382164 1.5145801305770874 231
1741110382165 1.516355037689209 232
1741110382165 1.520483374595642 233
1741110382165 1.516106367111206 234
1741110382166 1.514512538909912 235
1741110382166 1.519681692123413 236
1741110382167 1.515889286994934 237
1741110382167 1.5158016681671143 238
1741110382167 1.5221645832061768 239
1741110382168 1.5097036361694336 240
1741110382168 1.5156645774841309 241
1741110382169 1.5033572912216187 242
1741110382169 1.5115936994552612 243
1741110382169 1.5053901672363281 244
1741110382170 1.5072768926620483 245
1741110382170 1.5069653987884521 246
1741110382171 1.5163589715957642 247
1741110382171 1.5092589855194092 248
1741110382171 1.5119068622589111 249
1741110382172 1.504831314086914 250
1741110382172 1.5067392587661743 251
1741110382173 1.5025243759155273 252
1741110382173 1.5083829164505005 253
1741110382173 1.503904104232788 254
1741110382174 1.5036489963531494 255
1741110382174 1.503074049949646 256
1741110382175 1.5039622783660889 257
1741110382175 1.4972976446151733 258
1741110382175 1.4968525171279907 259
1741110382176 1.5109559297561646 260
1741110382176 1.4950063228607178 261
1741110382177 1.508447289466858 262
1741110382177 1.5026905536651611 263
1741110382177 1.500084400177002 264
1741110382178 1.503092646598816 265
1741110382178 1.501067876815796 266
1741110382179 1.4999423027038574 267
1741110382179 1.5045654773712158 268
1741110382179 1.4916198253631592 269
1741110382180 1.5028294324874878 270
1741110382180 1.4956450462341309 271
1741110382180 1.4907954931259155 272
1741110382181 1.4932000637054443 273
1741110382181 1.4974024295806885 274
1741110382182 1.499761939048767 275
1741110382182 1.4969005584716797 276
1741110382182 1.4922757148742676 277
1741110382183 1.4853127002716064 278
1741110382183 1.4834831953048706 279
1741110382184 1.4952094554901123 280
1741110382184 1.4918485879898071 281
1741110382184 1.4914758205413818 282
1741110382185 1.493759274482727 283
1741110382185 1.4963018894195557 284
1741110382186 1.4928061962127686 285
1741110382186 1.4861321449279785 286
1741110382186 1.4848624467849731 287
1741110382187 1.4864082336425781 288
1741110382187 1.4883309602737427 289
1741110382188 1.4933271408081055 290
1741110382188 1.484239935874939 291
1741110382188 1.4875794649124146 292
1741110382189 1.4875034093856812 293
1741110382189 1.4865217208862305 294
1741110382190 1.4854060411453247 295
1741110382190 1.4873754978179932 296
1741110382190 1.4856969118118286 297
1741110382191 1.488188624382019 298
1741110382191 1.4875128269195557 299
1741110382192 1.4863557815551758 300
1741110382192 1.4757931232452393 301
1741110382192 1.4861524105072021 302
1741110382193 1.4869786500930786 303
1741110382193 1.4851864576339722 304
1741110382194 1.4874534606933594 305
1741110382194 1.4818841218948364 306
1741110382194 1.4776946306228638 307
1741110382195 1.4838286638259888 308
1741110382195 1.4794886112213135 309
1741110382196 1.4794268608093262 310
1741110382196 1.48042893409729 311
1741110382196 1.4808274507522583 312
1741110382197 1.479929804801941 313
1741110382197 1.4767324924468994 314
1741110382198 1.4717631340026855 315
1741110382198 1.4738777875900269 316
1741110382198 1.4756778478622437 317
1741110382199 1.4851505756378174 318
1741110382199 1.4821099042892456 319
1741110382200 1.474910020828247 320
1741110382200 1.4789575338363647 321
1741110382200 1.4811289310455322 322
1741110382201 1.4754245281219482 323
1741110382201 1.467276692390442 324
1741110382201 1.4834455251693726 325
1741110382202 1.468851089477539 326
1741110382202 1.4794279336929321 327
1741110382203 1.4708150625228882 328
1741110382203 1.4788588285446167 329
1741110382203 1.4765361547470093 330
1741110382204 1.470179796218872 331
1741110382204 1.477696180343628 332
1741110382205 1.4695689678192139 333
1741110382205 1.4685190916061401 334
1741110382205 1.464799165725708 335
1741110382206 1.4667607545852661 336
1741110382206 1.4604361057281494 337
1741110382207 1.4694514274597168 338
1741110382207 1.4652960300445557 339
1741110382207 1.4700318574905396 340
1741110382208 1.4737045764923096 341
1741110382208 1.4562902450561523 342
1741110382209 1.4649410247802734 343
1741110382209 1.4654107093811035 344
1741110382209 1.4675601720809937 345
1741110382210 1.4628342390060425 346
1741110382210 1.4732862710952759 347
1741110382211 1.4678486585617065 348
1741110382211 1.47014582157135 349
1741110382211 1.4670668840408325 350
1741110382212 1.4595454931259155 351
1741110382212 1.4707114696502686 352
1741110382212 1.4653245210647583 353
1741110382213 1.4593415260314941 354
1741110382213 1.4664181470870972 355
1741110382214 1.4654768705368042 356
1741110382214 1.4670859575271606 357
1741110382214 1.4601209163665771 358
1741110382215 1.4644253253936768 359
1741110382215 1.4558387994766235 360
1741110382216 1.4575986862182617 361
1741110382216 1.4612442255020142 362
1741110382216 1.4577243328094482 363
1741110382217 1.458835244178772 364
1741110382217 1.4678926467895508 365
1741110382218 1.4547784328460693 366
1741110382218 1.4615997076034546 367
1741110382218 1.4631507396697998 368
1741110382219 1.4647637605667114 369
1741110382219 1.4586066007614136 370
1741110382220 1.4580423831939697 371
1741110382220 1.4581513404846191 372
1741110382220 1.464046835899353 373
1741110382221 1.4606631994247437 374
1741110382221 1.4544391632080078 375
1741110382222 1.4574716091156006 376
1741110382222 1.4659836292266846 377
1741110382222 1.4599605798721313 378
1741110382223 1.4608335494995117 379
1741110382223 1.4553874731063843 380
1741110382224 1.4440455436706543 381
1741110382224 1.4558755159378052 382
1741110382224 1.4552810192108154 383
1741110382225 1.4634251594543457 384
1741110382225 1.4467569589614868 385
1741110382225 1.4602900743484497 386
1741110382226 1.4602395296096802 387
1741110382226 1.4573193788528442 388
1741110382227 1.4545055627822876 389
1741110382227 1.4529273509979248 390
1741110382228 1.4485785961151123 391
1741110382228 1.4524123668670654 392
1741110382228 1.449011206626892 393
1741110382229 1.452953577041626 394
1741110382229 1.4460854530334473 395
1741110382230 1.447023630142212 396
1741110382230 1.4518269300460815 397
1741110382230 1.4511098861694336 398
1741110382231 1.439582109451294 399
1741110382231 1.4535613059997559 400
1741110382232 1.4558017253875732 401
1741110382232 1.4487758874893188 402
1741110382232 1.4533272981643677 403
1741110382233 1.449622392654419 404
1741110382233 1.444652795791626 405
1741110382234 1.4394475221633911 406
1741110382234 1.4488219022750854 407
1741110382234 1.4508858919143677 408
1741110382235 1.4399968385696411 409
1741110382235 1.4479798078536987 410
1741110382235 1.4452553987503052 411
1741110382236 1.4467073678970337 412
1741110382236 1.4437141418457031 413
1741110382237 1.4467687606811523 414
1741110382237 1.4507099390029907 415
1741110382237 1.4340356588363647 416
1741110382238 1.4457367658615112 417
1741110382238 1.4425297975540161 418
1741110382239 1.4424347877502441 419
1741110382239 1.4460272789001465 420
1741110382239 1.4400749206542969 421
1741110382240 1.4488548040390015 422
1741110382240 1.4460803270339966 423
1741110382241 1.4465558528900146 424
1741110382241 1.4460182189941406 425
1741110382241 1.441193699836731 426
1741110382242 1.4421885013580322 427
1741110382242 1.4363664388656616 428
1741110382243 1.440580129623413 429
1741110382243 1.4355359077453613 430
1741110382243 1.443390130996704 431
1741110382244 1.4365257024765015 432
1741110382244 1.4364322423934937 433
1741110382245 1.4362597465515137 434
1741110382245 1.4406635761260986 435
1741110382245 1.4437851905822754 436
1741110382246 1.4420613050460815 437
1741110382246 1.437163233757019 438
1741110382247 1.4380943775177002 439
1741110382247 1.4327237606048584 440
1741110382247 1.4452852010726929 441
1741110382248 1.4366047382354736 442
1741110382248 1.432756781578064 443
1741110382248 1.430480718612671 444
1741110382249 1.4337047338485718 445
1741110382249 1.4291964769363403 446
1741110382250 1.4436718225479126 447
1741110382250 1.4348595142364502 448
1741110382250 1.4322901964187622 449
1741110382251 1.4374417066574097 450
1741110382251 1.4387036561965942 451
1741110382252 1.4362202882766724 452
1741110382252 1.4309947490692139 453
1741110382252 1.4311712980270386 454
1741110382253 1.4403119087219238 455
1741110382253 1.4429172277450562 456
1741110382254 1.437870740890503 457
1741110382254 1.431606650352478 458
1741110382254 1.4416617155075073 459
1741110382255 1.4355533123016357 460
1741110382255 1.4287289381027222 461
1741110382256 1.4430650472640991 462
1741110382256 1.426085114479065 463
1741110382256 1.4309641122817993 464
1741110382257 1.4289374351501465 465
1741110382257 1.4326069355010986 466
1741110382258 1.4300472736358643 467
1741110382258 1.4303170442581177 468
1741110382258 1.4301047325134277 469
1741110382259 1.4353846311569214 470
1741110382259 1.4360445737838745 471
1741110382259 1.4204806089401245 472
1741110382260 1.4291142225265503 473
1741110382260 1.4366016387939453 474
1741110382261 1.4450949430465698 475
1741110382261 1.4314751625061035 476
1741110382261 1.427554726600647 477
1741110382262 1.4300577640533447 478
1741110382262 1.431077003479004 479
1741110382263 1.4326797723770142 480
1741110382263 1.4226438999176025 481
1741110382263 1.430102825164795 482
1741110382264 1.4278627634048462 483
1741110382264 1.4181112051010132 484
1741110382265 1.4344451427459717 485
1741110382265 1.4212428331375122 486
1741110382265 1.429076910018921 487
1741110382266 1.433556079864502 488
1741110382266 1.4314019680023193 489
1741110382267 1.4328876733779907 490
1741110382267 1.4337255954742432 491
1741110382267 1.431613564491272 492
1741110382268 1.423520565032959 493
1741110382268 1.426844596862793 494
1741110382268 1.418155550956726 495
1741110382269 1.4287551641464233 496
1741110382269 1.4286469221115112 497
1741110382270 1.4208154678344727 498
1741110382270 1.4257017374038696 499
