1741045492282 0.030781250447034836 0
1741045492283 0.04125000163912773 1
1741045492283 0.051874998956918716 2
1741045492284 0.06734374910593033 3
1741045492284 0.07515624910593033 4
1741045492285 0.07750000059604645 5
1741045492285 0.0859375 6
1741045492285 0.09156250208616257 7
1741045492286 0.08421874791383743 8
1741045492286 0.09984374791383743 9
1741045492287 0.11156249791383743 10
1741045492287 0.11265625059604645 11
1741045492288 0.11296875029802322 12
1741045492288 0.11687500029802322 13
1741045492288 0.12359374761581421 14
1741045492289 0.12109375 15
1741045492289 0.12984375655651093 16
1741045492290 0.13843749463558197 17
1741045492290 0.14484375715255737 18
1741045492290 0.14234374463558197 19
1741045492291 0.14687499403953552 20
1741045492291 0.15265625715255737 21
1741045492292 0.1665624976158142 22
1741045492292 0.16718749701976776 23
1741045492292 0.16734375059604645 24
