1741045492282 4.177523136138916 0
1741045492283 3.823411464691162 1
1741045492283 3.742709159851074 2
1741045492284 3.697371244430542 3
1741045492284 3.6620254516601562 4
1741045492285 3.6460654735565186 5
1741045492285 3.6195032596588135 6
1741045492285 3.5668725967407227 7
1741045492286 3.564720869064331 8
1741045492286 3.5295886993408203 9
1741045492287 3.4991893768310547 10
1741045492287 3.481539249420166 11
1741045492288 3.474616289138794 12
1741045492288 3.4373412132263184 13
1741045492288 3.423872470855713 14
1741045492289 3.4180963039398193 15
1741045492289 3.3810393810272217 16
1741045492290 3.3684909343719482 17
1741045492290 3.344573974609375 18
1741045492290 3.333549737930298 19
1741045492291 3.3148670196533203 20
1741045492291 3.2878549098968506 21
1741045492292 3.2645983695983887 22
1741045492292 3.256052255630493 23
1741045492292 3.244936943054199 24
