1741201451101 3.6859219074249268 0
1741201451102 3.3151159286499023 1
1741201451103 3.087310791015625 2
1741201451103 2.8902289867401123 3
1741201451104 2.7362494468688965 4
1741201451104 2.6064345836639404 5
1741201451105 2.488401412963867 6
1741201451105 2.3927276134490967 7
1741201451106 2.307032585144043 8
1741201451107 2.2280313968658447 9
1741201451107 2.159092426300049 10
1741201451108 2.0979042053222656 11
1741201451108 2.0466771125793457 12
1741201451109 2.006472587585449 13
1741201451109 1.9533146619796753 14
1741201451109 1.9196218252182007 15
1741201451110 1.8830580711364746 16
1741201451110 1.8510322570800781 17
1741201451111 1.809213399887085 18
1741201451111 1.786208152770996 19
1741201451112 1.7558192014694214 20
1741201451112 1.7292934656143188 21
1741201451113 1.7033377885818481 22
1741201451113 1.6835699081420898 23
1741201451114 1.6582838296890259 24
1741201451114 1.6330554485321045 25
1741201451115 1.6166980266571045 26
1741201451115 1.5984151363372803 27
1741201451116 1.5762500762939453 28
1741201451116 1.5517019033432007 29
1741201451117 1.537190318107605 30
1741201451117 1.5217628479003906 31
1741201451118 1.506874918937683 32
1741201451118 1.488174557685852 33
1741201451119 1.4755181074142456 34
1741201451119 1.4652231931686401 35
1741201451120 1.4498772621154785 36
1741201451120 1.4260437488555908 37
1741201451120 1.4147874116897583 38
1741201451121 1.4045984745025635 39
1741201451121 1.3936015367507935 40
1741201451122 1.3977046012878418 41
1741201451122 1.3728591203689575 42
1741201451123 1.3682401180267334 43
1741201451123 1.353874683380127 44
1741201451124 1.341323971748352 45
1741201451124 1.330020546913147 46
1741201451125 1.321060061454773 47
1741201451125 1.3138114213943481 48
1741201451126 1.30001699924469 49
1741201451126 1.2971036434173584 50
1741201451127 1.2843164205551147 51
1741201451127 1.2783536911010742 52
1741201451128 1.2692861557006836 53
1741201451128 1.265182614326477 54
1741201451128 1.256814956665039 55
1741201451129 1.2512319087982178 56
1741201451129 1.2312873601913452 57
1741201451130 1.2387685775756836 58
1741201451130 1.2284455299377441 59
1741201451131 1.2193973064422607 60
1741201451131 1.2178730964660645 61
1741201451132 1.2103883028030396 62
1741201451132 1.2019129991531372 63
1741201451133 1.1971653699874878 64
1741201451133 1.1931164264678955 65
1741201451134 1.1852977275848389 66
1741201451134 1.1786595582962036 67
1741201451135 1.1800628900527954 68
1741201451135 1.1684080362319946 69
1741201451136 1.1659505367279053 70
1741201451136 1.1509557962417603 71
1741201451137 1.1600407361984253 72
1741201451137 1.1459029912948608 73
1741201451137 1.146598219871521 74
1741201451138 1.1375359296798706 75
1741201451138 1.1321051120758057 76
1741201451139 1.1336725950241089 77
1741201451139 1.1207466125488281 78
1741201451140 1.1218888759613037 79
1741201451140 1.118608832359314 80
1741201451141 1.1190482378005981 81
1741201451141 1.0986692905426025 82
1741201451142 1.1034818887710571 83
1741201451142 1.1013394594192505 84
1741201451143 1.1043342351913452 85
1741201451143 1.0872128009796143 86
1741201451144 1.091963768005371 87
1741201451144 1.0931988954544067 88
1741201451144 1.0855653285980225 89
1741201451145 1.0793912410736084 90
1741201451145 1.0804543495178223 91
1741201451146 1.071791172027588 92
1741201451146 1.0717717409133911 93
1741201451147 1.0746562480926514 94
1741201451147 1.0599496364593506 95
1741201451148 1.0661488771438599 96
1741201451148 1.0587518215179443 97
1741201451149 1.0582177639007568 98
1741201451149 1.0492857694625854 99
1741201451150 1.0487152338027954 100
1741201451150 1.0528978109359741 101
1741201451151 1.047820806503296 102
1741201451151 1.0402929782867432 103
1741201451151 1.037312626838684 104
1741201451152 1.0389686822891235 105
1741201451152 1.0342700481414795 106
1741201451153 1.0321353673934937 107
1741201451153 1.022703766822815 108
1741201451154 1.0190708637237549 109
1741201451154 1.0245704650878906 110
1741201451155 1.0226844549179077 111
1741201451155 1.0202232599258423 112
1741201451156 1.0149167776107788 113
1741201451156 1.0141915082931519 114
1741201451157 1.0064435005187988 115
1741201451157 1.0091615915298462 116
1741201451158 1.0035319328308105 117
1741201451158 1.0081995725631714 118
1741201451159 1.006308913230896 119
1741201451159 1.0015842914581299 120
1741201451160 0.993215799331665 121
1741201451160 1.0025732517242432 122
1741201451160 0.9982582926750183 123
1741201451161 0.9964326620101929 124
1741201451161 0.9876744747161865 125
1741201451162 0.9932023882865906 126
1741201451162 0.9851284623146057 127
1741201451163 0.9863587021827698 128
1741201451163 0.9826344847679138 129
1741201451164 0.9836364984512329 130
1741201451164 0.9771906733512878 131
1741201451165 0.9730889797210693 132
1741201451165 0.9735850691795349 133
1741201451166 0.9779981970787048 134
1741201451166 0.9691885113716125 135
1741201451167 0.9754202961921692 136
1741201451167 0.9709696173667908 137
1741201451167 0.9699210524559021 138
1741201451168 0.9628942608833313 139
1741201451168 0.962272047996521 140
1741201451169 0.9609244465827942 141
1741201451169 0.9636061787605286 142
1741201451170 0.9596919417381287 143
1741201451170 0.9601237773895264 144
1741201451171 0.9543683528900146 145
1741201451171 0.9566994309425354 146
1741201451172 0.9557989239692688 147
1741201451172 0.9553961157798767 148
1741201451173 0.95091712474823 149
1741201451173 0.94512540102005 150
1741201451173 0.9491252303123474 151
1741201451174 0.9470744132995605 152
1741201451174 0.9439550042152405 153
1741201451175 0.9410496950149536 154
1741201451175 0.9456800222396851 155
1741201451176 0.9432992935180664 156
1741201451176 0.9412841796875 157
1741201451177 0.9391845464706421 158
1741201451177 0.9410391449928284 159
1741201451178 0.9397943615913391 160
1741201451178 0.9337283372879028 161
1741201451179 0.9365023970603943 162
1741201451179 0.9335725903511047 163
1741201451180 0.9305151104927063 164
1741201451180 0.9318050742149353 165
1741201451180 0.9283090829849243 166
1741201451181 0.928455650806427 167
1741201451181 0.92737877368927 168
1741201451182 0.9226129651069641 169
1741201451182 0.9205116033554077 170
1741201451183 0.9243932962417603 171
1741201451183 0.9245839715003967 172
1741201451184 0.9196923971176147 173
1741201451184 0.9168736338615417 174
1741201451185 0.9227583408355713 175
1741201451185 0.9196582436561584 176
1741201451186 0.912295937538147 177
1741201451186 0.9219264388084412 178
1741201451186 0.9134731292724609 179
1741201451187 0.9133448004722595 180
1741201451187 0.9090050458908081 181
1741201451188 0.9128420352935791 182
1741201451188 0.9098318815231323 183
1741201451189 0.9132871627807617 184
1741201451189 0.9109697937965393 185
1741201451190 0.9080169200897217 186
1741201451190 0.9067983031272888 187
1741201451191 0.9030461311340332 188
1741201451191 0.9057830572128296 189
1741201451192 0.8978402614593506 190
1741201451192 0.9058739542961121 191
1741201451192 0.8998624086380005 192
1741201451193 0.9044735431671143 193
1741201451193 0.8956627249717712 194
1741201451194 0.9000611305236816 195
1741201451194 0.8904905915260315 196
1741201451195 0.8935509920120239 197
1741201451195 0.8951625823974609 198
1741201451196 0.8963984251022339 199
