1741201451101 0.05121093615889549 0
1741201451102 0.10499999672174454 1
1741201451103 0.15830469131469727 2
1741201451103 0.20453906059265137 3
1741201451104 0.24037499725818634 4
1741201451104 0.2723046839237213 5
1741201451105 0.30140626430511475 6
1741201451105 0.3270937502384186 7
1741201451106 0.34794530272483826 8
1741201451107 0.3665703237056732 9
1741201451107 0.38352343440055847 10
1741201451108 0.4000312387943268 11
1741201451108 0.41242969036102295 12
1741201451109 0.4232577979564667 13
1741201451109 0.4368359446525574 14
1741201451109 0.4464375078678131 15
1741201451110 0.45589062571525574 16
1741201451110 0.46446093916893005 17
1741201451111 0.4734140634536743 18
1741201451111 0.48350781202316284 19
1741201451112 0.49256250262260437 20
1741201451112 0.5002031326293945 21
1741201451113 0.5063593983650208 22
1741201451113 0.5107656121253967 23
1741201451114 0.5189609527587891 24
1741201451114 0.5251328349113464 25
1741201451115 0.5311718583106995 26
1741201451115 0.5367031097412109 27
1741201451116 0.5434140563011169 28
1741201451116 0.5488828420639038 29
1741201451117 0.5549296736717224 30
1741201451117 0.5592265725135803 31
1741201451118 0.5626640915870667 32
1741201451118 0.5688202977180481 33
1741201451119 0.5728281140327454 34
1741201451119 0.5759531259536743 35
1741201451120 0.5801328420639038 36
1741201451120 0.5872578024864197 37
1741201451120 0.591195285320282 38
1741201451121 0.592578113079071 39
1741201451121 0.5963437557220459 40
1741201451122 0.5976328253746033 41
1741201451122 0.6035390496253967 42
1741201451123 0.605398416519165 43
1741201451123 0.6088984608650208 44
1741201451124 0.6133593916893005 45
1741201451124 0.616460919380188 46
1741201451125 0.6193515658378601 47
1741201451125 0.6211562752723694 48
1741201451126 0.6265702843666077 49
1741201451126 0.6270859241485596 50
1741201451127 0.6312422156333923 51
1741201451127 0.6315234303474426 52
1741201451128 0.635992169380188 53
1741201451128 0.6370781064033508 54
1741201451128 0.6406640410423279 55
1741201451129 0.6407577991485596 56
1741201451129 0.6452265381813049 57
1741201451130 0.6457265615463257 58
1741201451130 0.6478281021118164 59
1741201451131 0.6510859131813049 60
1741201451131 0.6515234112739563 61
1741201451132 0.6531171798706055 62
1741201451132 0.6553202867507935 63
1741201451133 0.6567500233650208 64
1741201451133 0.6575312614440918 65
1741201451134 0.6616328358650208 66
1741201451134 0.6622265577316284 67
1741201451135 0.6629218459129333 68
1741201451135 0.6649922132492065 69
1741201451136 0.6661640405654907 70
1741201451136 0.6698046922683716 71
1741201451137 0.667843759059906 72
1741201451137 0.6725156307220459 73
1741201451137 0.6714375019073486 74
1741201451138 0.675710916519165 75
1741201451138 0.6752656102180481 76
1741201451139 0.6757890582084656 77
1741201451139 0.6792500019073486 78
1741201451140 0.6808671951293945 79
1741201451140 0.6821640729904175 80
1741201451141 0.6810625195503235 81
1741201451141 0.6871093511581421 82
1741201451142 0.6858281493186951 83
1741201451142 0.6865156292915344 84
1741201451143 0.6867812275886536 85
1741201451143 0.6901562213897705 86
1741201451144 0.6874452829360962 87
1741201451144 0.6908828020095825 88
1741201451144 0.6921093463897705 89
1741201451145 0.6918203234672546 90
1741201451145 0.6919062733650208 91
1741201451146 0.6950859427452087 92
1741201451146 0.6958203315734863 93
1741201451147 0.6954140663146973 94
1741201451147 0.6972030997276306 95
1741201451148 0.6968125104904175 96
1741201451148 0.6981796622276306 97
1741201451149 0.7015859484672546 98
1741201451149 0.7006953358650208 99
1741201451150 0.7016718983650208 100
1741201451150 0.700570285320282 101
1741201451151 0.7029609084129333 102
1741201451151 0.7047421932220459 103
1741201451151 0.7044296860694885 104
1741201451152 0.7056875228881836 105
1741201451152 0.7069844007492065 106
1741201451153 0.7070156335830688 107
1741201451153 0.7088124752044678 108
1741201451154 0.7090625166893005 109
1741201451154 0.7065937519073486 110
1741201451155 0.7097499966621399 111
1741201451155 0.7096796631813049 112
1741201451156 0.7113437652587891 113
1741201451156 0.7134531140327454 114
1741201451157 0.7139609456062317 115
1741201451157 0.7142890691757202 116
1741201451158 0.7160234451293945 117
1741201451158 0.7143594026565552 118
1741201451159 0.7150078415870667 119
1741201451159 0.716671884059906 120
1741201451160 0.7181797027587891 121
1741201451160 0.717117190361023 122
1741201451160 0.7172890901565552 123
1741201451161 0.7162656188011169 124
1741201451161 0.7205390334129333 125
1741201451162 0.7184609174728394 126
1741201451162 0.7206171751022339 127
1741201451163 0.7198125123977661 128
1741201451163 0.720453143119812 129
1741201451164 0.7213515639305115 130
1741201451164 0.7233281135559082 131
1741201451165 0.7238984107971191 132
1741201451165 0.7237499952316284 133
1741201451166 0.7243828177452087 134
1741201451166 0.7261171936988831 135
1741201451167 0.7241250276565552 136
1741201451167 0.7242031097412109 137
1741201451167 0.7264999747276306 138
1741201451168 0.7283828258514404 139
1741201451168 0.7277109622955322 140
1741201451169 0.726687490940094 141
1741201451169 0.7276172041893005 142
1741201451170 0.7276874780654907 143
1741201451170 0.7297187447547913 144
1741201451171 0.7312109470367432 145
1741201451171 0.7311328053474426 146
1741201451172 0.7291406393051147 147
1741201451172 0.7301796674728394 148
1741201451173 0.7326796650886536 149
1741201451173 0.7334062457084656 150
1741201451173 0.7303593754768372 151
1741201451174 0.7314843535423279 152
1741201451174 0.7330390810966492 153
1741201451175 0.7355859279632568 154
1741201451175 0.7341328263282776 155
1741201451176 0.7334843873977661 156
1741201451176 0.7353437542915344 157
1741201451177 0.7355781197547913 158
1741201451177 0.7348281145095825 159
1741201451178 0.7350937724113464 160
1741201451178 0.7360000014305115 161
1741201451179 0.7367421984672546 162
1741201451179 0.7353281378746033 163
1741201451180 0.7356484532356262 164
1741201451180 0.7366015911102295 165
1741201451180 0.7382344007492065 166
1741201451181 0.7374687790870667 167
1741201451181 0.7379765510559082 168
1741201451182 0.739453136920929 169
1741201451182 0.7381874918937683 170
1741201451183 0.7390000224113464 171
1741201451183 0.7387968897819519 172
1741201451184 0.7391484379768372 173
1741201451184 0.7420390844345093 174
1741201451185 0.7404765486717224 175
1741201451185 0.7418749928474426 176
1741201451186 0.741992175579071 177
1741201451186 0.7401562333106995 178
1741201451186 0.7417968511581421 179
1741201451187 0.7423984408378601 180
1741201451187 0.7417500019073486 181
1741201451188 0.7437577843666077 182
1741201451188 0.7434999942779541 183
1741201451189 0.7415781021118164 184
1741201451189 0.7445234656333923 185
1741201451190 0.7436640858650208 186
1741201451190 0.743039071559906 187
1741201451191 0.7450078129768372 188
1741201451191 0.7450078129768372 189
1741201451192 0.7457968592643738 190
1741201451192 0.7452577948570251 191
1741201451192 0.7468047142028809 192
1741201451193 0.745773434638977 193
1741201451193 0.7473046779632568 194
1741201451194 0.7469765543937683 195
1741201451194 0.7496718764305115 196
1741201451195 0.7465078234672546 197
1741201451195 0.7473046779632568 198
1741201451196 0.7471328377723694 199
