1741045098149 0.02640625089406967 0
1741045098150 0.04062499850988388 1
1741045098150 0.047343749552965164 2
1741045098150 0.05484374985098839 3
1741045098151 0.05921874940395355 4
1741045098151 0.07171875238418579 5
1741045098152 0.08296874910593033 6
1741045098152 0.09187500178813934 7
1741045098153 0.0964062511920929 8
1741045098153 0.10203125327825546 9
1741045098153 0.11359374970197678 10
1741045098154 0.11281249672174454 11
1741045098154 0.1223437488079071 12
1741045098155 0.1264062523841858 13
1741045098155 0.1365624964237213 14
1741045098155 0.13312500715255737 15
1741045098156 0.13625000417232513 16
1741045098156 0.14906249940395355 17
1741045098157 0.15234375 18
1741045098157 0.140625 19
1741045098157 0.1614062488079071 20
1741045098158 0.16187499463558197 21
1741045098158 0.16218750178813934 22
1741045098159 0.1639062464237213 23
1741045098159 0.17374999821186066 24
