1741045098149 4.359817028045654 0
1741045098150 3.8761963844299316 1
1741045098150 3.7748916149139404 2
1741045098150 3.7296841144561768 3
1741045098151 3.6937901973724365 4
1741045098151 3.6639063358306885 5
1741045098152 3.621821403503418 6
1741045098152 3.6002197265625 7
1741045098153 3.547982692718506 8
1741045098153 3.5254437923431396 9
1741045098153 3.497089147567749 10
1741045098154 3.4556641578674316 11
1741045098154 3.432729482650757 12
1741045098155 3.4169704914093018 13
1741045098155 3.3946621417999268 14
1741045098155 3.3696608543395996 15
1741045098156 3.3571438789367676 16
1741045098156 3.3106744289398193 17
1741045098157 3.2811508178710938 18
1741045098157 3.3270905017852783 19
1741045098157 3.2419867515563965 20
1741045098158 3.2605297565460205 21
1741045098158 3.247074842453003 22
1741045098159 3.2357094287872314 23
1741045098159 3.1701302528381348 24
