1741114011618 3.553208827972412 0
1741114011619 3.0920166969299316 1
1741114011619 2.865140676498413 2
1741114011619 2.7018344402313232 3
1741114011620 2.585273027420044 4
1741114011620 2.4830214977264404 5
1741114011621 2.4005420207977295 6
1741114011621 2.325958013534546 7
1741114011622 2.2732810974121094 8
1741114011622 2.2248098850250244 9
1741114011623 2.179140329360962 10
1741114011623 2.138162612915039 11
1741114011623 2.1051406860351562 12
1741114011624 2.071601629257202 13
1741114011624 2.041895627975464 14
1741114011625 2.0125417709350586 15
1741114011625 1.9935222864151 16
1741114011626 1.9680007696151733 17
1741114011626 1.9475414752960205 18
1741114011626 1.9306868314743042 19
1741114011627 1.9180186986923218 20
1741114011627 1.8997489213943481 21
1741114011628 1.8877700567245483 22
1741114011628 1.8655167818069458 23
1741114011628 1.860628366470337 24
1741114011629 1.8457725048065186 25
1741114011629 1.8296096324920654 26
1741114011630 1.8113125562667847 27
1741114011630 1.8018404245376587 28
1741114011631 1.8026078939437866 29
1741114011631 1.789138913154602 30
1741114011631 1.792176365852356 31
1741114011632 1.771621584892273 32
1741114011632 1.767453670501709 33
1741114011633 1.7485086917877197 34
1741114011633 1.7501354217529297 35
1741114011633 1.7410151958465576 36
1741114011634 1.7306444644927979 37
1741114011634 1.7229626178741455 38
1741114011635 1.7244678735733032 39
1741114011635 1.714822769165039 40
1741114011635 1.7077653408050537 41
1741114011636 1.7042237520217896 42
1741114011636 1.6992783546447754 43
1741114011637 1.691787838935852 44
1741114011637 1.6839581727981567 45
1741114011637 1.6777331829071045 46
1741114011638 1.6646058559417725 47
1741114011638 1.6665905714035034 48
1741114011639 1.675666093826294 49
1741114011639 1.6561676263809204 50
1741114011639 1.6517457962036133 51
1741114011640 1.6530414819717407 52
1741114011640 1.6414973735809326 53
1741114011641 1.6498383283615112 54
1741114011641 1.6381547451019287 55
1741114011642 1.6298633813858032 56
1741114011642 1.630942702293396 57
1741114011642 1.6258803606033325 58
1741114011643 1.6213253736495972 59
1741114011643 1.6164121627807617 60
1741114011644 1.6093908548355103 61
1741114011644 1.6192723512649536 62
1741114011644 1.6198407411575317 63
1741114011645 1.6091285943984985 64
1741114011645 1.5966246128082275 65
1741114011646 1.5959867238998413 66
1741114011646 1.6001231670379639 67
1741114011646 1.592101812362671 68
1741114011647 1.589852213859558 69
1741114011647 1.5891456604003906 70
1741114011648 1.5871014595031738 71
1741114011648 1.5742592811584473 72
1741114011648 1.580539584159851 73
1741114011649 1.5772136449813843 74
1741114011649 1.5740599632263184 75
1741114011650 1.5610780715942383 76
1741114011650 1.5635493993759155 77
1741114011650 1.5560423135757446 78
1741114011651 1.5647224187850952 79
1741114011651 1.555283546447754 80
1741114011652 1.557022213935852 81
1741114011652 1.5674883127212524 82
1741114011652 1.5562894344329834 83
1741114011653 1.5461039543151855 84
1741114011653 1.5445817708969116 85
1741114011654 1.5560896396636963 86
1741114011654 1.5507680177688599 87
1741114011654 1.545331597328186 88
1741114011655 1.5436205863952637 89
1741114011655 1.5366700887680054 90
1741114011656 1.5415126085281372 91
1741114011656 1.5310746431350708 92
1741114011657 1.5391368865966797 93
1741114011657 1.5340462923049927 94
1741114011657 1.5306425094604492 95
1741114011658 1.5338350534439087 96
1741114011658 1.5344934463500977 97
1741114011659 1.5151798725128174 98
1741114011659 1.522261619567871 99
1741114011659 1.5213031768798828 100
1741114011660 1.523291826248169 101
1741114011660 1.514776587486267 102
1741114011661 1.520510196685791 103
1741114011661 1.5158450603485107 104
1741114011661 1.5143393278121948 105
1741114011662 1.5164644718170166 106
1741114011662 1.505582571029663 107
1741114011663 1.5041816234588623 108
1741114011663 1.5054069757461548 109
1741114011663 1.5005478858947754 110
1741114011664 1.497402310371399 111
1741114011664 1.4991307258605957 112
1741114011664 1.505823016166687 113
1741114011665 1.5042071342468262 114
1741114011665 1.492919683456421 115
1741114011666 1.4943722486495972 116
1741114011666 1.4837849140167236 117
1741114011667 1.4898353815078735 118
1741114011667 1.4923973083496094 119
1741114011667 1.4830191135406494 120
1741114011668 1.4868429899215698 121
1741114011668 1.4926683902740479 122
1741114011669 1.4866089820861816 123
1741114011669 1.483343243598938 124
1741114011669 1.5043636560440063 125
1741114011670 1.4951047897338867 126
1741114011670 1.4773694276809692 127
1741114011671 1.477804183959961 128
1741114011671 1.4759236574172974 129
1741114011671 1.476455807685852 130
1741114011672 1.4720861911773682 131
1741114011672 1.4760668277740479 132
1741114011672 1.4721558094024658 133
1741114011673 1.465891718864441 134
1741114011673 1.4634264707565308 135
1741114011674 1.466515064239502 136
1741114011674 1.4676601886749268 137
1741114011675 1.467594861984253 138
1741114011675 1.4711048603057861 139
1741114011675 1.4787975549697876 140
1741114011676 1.4656246900558472 141
1741114011676 1.4686795473098755 142
1741114011677 1.4664033651351929 143
1741114011677 1.4544280767440796 144
1741114011677 1.458106517791748 145
1741114011678 1.4517074823379517 146
1741114011678 1.4529380798339844 147
1741114011679 1.458023190498352 148
1741114011679 1.4540207386016846 149
1741114011679 1.4611549377441406 150
1741114011680 1.4534943103790283 151
1741114011680 1.4520301818847656 152
1741114011681 1.4466983079910278 153
1741114011681 1.44900643825531 154
1741114011681 1.453810691833496 155
1741114011682 1.450597882270813 156
1741114011682 1.4434610605239868 157
1741114011683 1.4419687986373901 158
1741114011683 1.4441282749176025 159
1741114011683 1.4492496252059937 160
1741114011684 1.4484319686889648 161
1741114011684 1.4490554332733154 162
1741114011685 1.448124647140503 163
1741114011685 1.4442248344421387 164
1741114011685 1.4325439929962158 165
1741114011686 1.429506540298462 166
1741114011686 1.4459161758422852 167
1741114011687 1.437156081199646 168
1741114011687 1.4383288621902466 169
1741114011687 1.434090495109558 170
1741114011688 1.4370474815368652 171
1741114011688 1.4250407218933105 172
1741114011689 1.4284844398498535 173
1741114011689 1.432521104812622 174
1741114011689 1.4321010112762451 175
1741114011690 1.4494991302490234 176
1741114011690 1.4357234239578247 177
1741114011691 1.4281549453735352 178
1741114011691 1.4253385066986084 179
1741114011691 1.4368035793304443 180
1741114011692 1.4242744445800781 181
1741114011692 1.4316726922988892 182
1741114011693 1.4237757921218872 183
1741114011693 1.4193487167358398 184
1741114011693 1.4214050769805908 185
1741114011694 1.4281432628631592 186
1741114011694 1.4419615268707275 187
1741114011695 1.414560079574585 188
1741114011695 1.4191592931747437 189
1741114011695 1.4171658754348755 190
1741114011696 1.416082739830017 191
1741114011696 1.4236394166946411 192
1741114011697 1.4104970693588257 193
1741114011697 1.428459882736206 194
1741114011697 1.4146716594696045 195
1741114011698 1.4175539016723633 196
1741114011698 1.4170843362808228 197
1741114011699 1.424694299697876 198
1741114011699 1.415755033493042 199
1741114011699 1.4073739051818848 200
1741114011700 1.4076520204544067 201
1741114011700 1.4069621562957764 202
1741114011701 1.4158422946929932 203
1741114011701 1.4099705219268799 204
1741114011701 1.410223126411438 205
1741114011702 1.3951706886291504 206
1741114011702 1.4260550737380981 207
1741114011703 1.4134119749069214 208
1741114011703 1.4089101552963257 209
1741114011703 1.4228163957595825 210
1741114011704 1.4040579795837402 211
1741114011704 1.4078083038330078 212
1741114011705 1.4033828973770142 213
1741114011705 1.4036405086517334 214
1741114011705 1.3952687978744507 215
1741114011706 1.3940184116363525 216
1741114011706 1.4104844331741333 217
1741114011707 1.396620750427246 218
1741114011707 1.3991695642471313 219
1741114011707 1.400461196899414 220
1741114011708 1.393380880355835 221
1741114011708 1.401121735572815 222
1741114011709 1.4038549661636353 223
1741114011709 1.3942012786865234 224
1741114011709 1.3951630592346191 225
1741114011710 1.3897500038146973 226
1741114011710 1.3880409002304077 227
1741114011711 1.3955296277999878 228
1741114011711 1.3952431678771973 229
1741114011711 1.3973236083984375 230
1741114011712 1.3864729404449463 231
1741114011712 1.3978084325790405 232
1741114011712 1.398566484451294 233
1741114011713 1.3944194316864014 234
1741114011713 1.3940645456314087 235
1741114011714 1.38649320602417 236
1741114011714 1.3835617303848267 237
1741114011714 1.3808716535568237 238
1741114011715 1.3806313276290894 239
1741114011715 1.3833043575286865 240
1741114011716 1.3852614164352417 241
1741114011716 1.3743423223495483 242
1741114011716 1.3854681253433228 243
1741114011717 1.3828750848770142 244
1741114011717 1.3841708898544312 245
1741114011718 1.3763165473937988 246
1741114011718 1.3868595361709595 247
1741114011718 1.3828293085098267 248
1741114011719 1.3924431800842285 249
1741114011719 1.3747572898864746 250
1741114011720 1.3847585916519165 251
1741114011720 1.3686784505844116 252
1741114011720 1.3804974555969238 253
1741114011721 1.3744932413101196 254
1741114011721 1.3663409948349 255
1741114011722 1.3840246200561523 256
1741114011722 1.3757508993148804 257
1741114011722 1.37173593044281 258
1741114011723 1.3809276819229126 259
1741114011723 1.3681453466415405 260
1741114011724 1.377265453338623 261
1741114011724 1.3729983568191528 262
1741114011724 1.3694268465042114 263
1741114011725 1.3723801374435425 264
1741114011725 1.374468207359314 265
1741114011726 1.365633487701416 266
1741114011726 1.3726779222488403 267
1741114011726 1.368182897567749 268
1741114011727 1.3751220703125 269
1741114011727 1.3718059062957764 270
1741114011728 1.3621360063552856 271
1741114011728 1.361403226852417 272
1741114011728 1.3637391328811646 273
1741114011729 1.3680506944656372 274
1741114011729 1.360331416130066 275
1741114011729 1.3630664348602295 276
1741114011730 1.383095383644104 277
1741114011730 1.3844093084335327 278
1741114011731 1.3721444606781006 279
1741114011731 1.3656861782073975 280
1741114011731 1.3585853576660156 281
1741114011732 1.3635320663452148 282
1741114011732 1.3604786396026611 283
1741114011733 1.3603790998458862 284
1741114011733 1.355125904083252 285
1741114011733 1.3621101379394531 286
1741114011734 1.3676645755767822 287
1741114011734 1.361983060836792 288
1741114011735 1.3522334098815918 289
1741114011735 1.3536357879638672 290
1741114011735 1.3504595756530762 291
1741114011736 1.3688745498657227 292
1741114011736 1.3654165267944336 293
1741114011737 1.3472719192504883 294
1741114011737 1.3496567010879517 295
1741114011737 1.362032175064087 296
1741114011738 1.3819338083267212 297
1741114011738 1.4145255088806152 298
1741114011739 1.387947916984558 299
1741114011739 1.368070363998413 300
1741114011739 1.3585339784622192 301
1741114011740 1.3568885326385498 302
1741114011740 1.3586881160736084 303
1741114011741 1.351606845855713 304
1741114011741 1.3487197160720825 305
1741114011741 1.3581476211547852 306
1741114011742 1.3465657234191895 307
1741114011742 1.3453813791275024 308
1741114011743 1.3531088829040527 309
1741114011743 1.3509860038757324 310
1741114011743 1.3464438915252686 311
1741114011744 1.3630743026733398 312
1741114011744 1.3371697664260864 313
1741114011745 1.350801706314087 314
1741114011745 1.3501513004302979 315
1741114011745 1.3590189218521118 316
1741114011746 1.3487173318862915 317
1741114011746 1.3462275266647339 318
1741114011747 1.3418660163879395 319
1741114011747 1.3504664897918701 320
1741114011747 1.345407247543335 321
1741114011748 1.3415956497192383 322
1741114011748 1.3404874801635742 323
1741114011748 1.3543888330459595 324
1741114011749 1.3449585437774658 325
1741114011749 1.3415886163711548 326
1741114011750 1.3523823022842407 327
1741114011750 1.3447954654693604 328
1741114011750 1.3500773906707764 329
1741114011751 1.3417187929153442 330
1741114011751 1.3488132953643799 331
1741114011752 1.3423947095870972 332
1741114011752 1.3418231010437012 333
1741114011752 1.337059497833252 334
1741114011753 1.3416481018066406 335
1741114011753 1.3397650718688965 336
1741114011754 1.3420488834381104 337
1741114011754 1.3380255699157715 338
1741114011754 1.3406634330749512 339
1741114011755 1.3392531871795654 340
1741114011755 1.3336982727050781 341
1741114011756 1.3291878700256348 342
1741114011756 1.3322592973709106 343
1741114011756 1.3324512243270874 344
1741114011757 1.3381884098052979 345
1741114011757 1.346011757850647 346
1741114011758 1.3308773040771484 347
1741114011758 1.3409509658813477 348
1741114011758 1.3298543691635132 349
1741114011759 1.3295165300369263 350
1741114011759 1.3318930864334106 351
1741114011759 1.3418155908584595 352
1741114011760 1.3347605466842651 353
1741114011760 1.3279623985290527 354
1741114011761 1.33522367477417 355
1741114011761 1.328688144683838 356
1741114011761 1.3386142253875732 357
1741114011762 1.3278871774673462 358
1741114011762 1.3334089517593384 359
1741114011763 1.329856276512146 360
1741114011763 1.3349082469940186 361
1741114011763 1.3329499959945679 362
1741114011764 1.3256152868270874 363
1741114011764 1.3282427787780762 364
1741114011765 1.3331196308135986 365
1741114011765 1.3324699401855469 366
1741114011765 1.3295681476593018 367
1741114011766 1.326108455657959 368
1741114011766 1.3204008340835571 369
1741114011767 1.3280495405197144 370
1741114011767 1.334235668182373 371
1741114011767 1.321442723274231 372
1741114011768 1.3271180391311646 373
1741114011768 1.3216973543167114 374
1741114011769 1.3299916982650757 375
1741114011769 1.3312325477600098 376
1741114011769 1.32902193069458 377
1741114011770 1.3266079425811768 378
1741114011770 1.3247069120407104 379
1741114011770 1.3243141174316406 380
1741114011771 1.3202269077301025 381
1741114011771 1.333434820175171 382
1741114011772 1.3195905685424805 383
1741114011772 1.3209975957870483 384
1741114011772 1.3191430568695068 385
1741114011773 1.325736403465271 386
1741114011773 1.3211281299591064 387
1741114011774 1.3181320428848267 388
1741114011774 1.3324499130249023 389
1741114011774 1.3131386041641235 390
1741114011775 1.3231691122055054 391
1741114011775 1.317804217338562 392
1741114011776 1.3124607801437378 393
1741114011776 1.3307404518127441 394
1741114011776 1.3282051086425781 395
1741114011777 1.321826457977295 396
1741114011777 1.316746473312378 397
1741114011777 1.3194167613983154 398
1741114011778 1.3174855709075928 399
1741114011778 1.3291574716567993 400
1741114011779 1.3166335821151733 401
1741114011779 1.321955919265747 402
1741114011779 1.310567021369934 403
1741114011780 1.307633638381958 404
1741114011780 1.326798915863037 405
1741114011781 1.3192849159240723 406
1741114011781 1.317113995552063 407
1741114011781 1.3087058067321777 408
1741114011782 1.3147965669631958 409
1741114011782 1.3142223358154297 410
1741114011783 1.305620551109314 411
1741114011783 1.3164904117584229 412
1741114011783 1.317503809928894 413
1741114011784 1.311593770980835 414
1741114011784 1.313173770904541 415
1741114011785 1.3130340576171875 416
1741114011785 1.3147411346435547 417
1741114011785 1.3120380640029907 418
1741114011786 1.306512475013733 419
1741114011786 1.3126235008239746 420
1741114011786 1.313293695449829 421
1741114011787 1.3153319358825684 422
1741114011787 1.3078880310058594 423
1741114011788 1.349777340888977 424
1741114011788 1.333350658416748 425
1741114011788 1.3173924684524536 426
1741114011789 1.3160046339035034 427
1741114011789 1.3183445930480957 428
1741114011790 1.3182965517044067 429
1741114011790 1.3094714879989624 430
1741114011790 1.3071022033691406 431
1741114011791 1.3001474142074585 432
1741114011791 1.314475417137146 433
1741114011792 1.306723952293396 434
1741114011792 1.3122531175613403 435
1741114011792 1.306717038154602 436
1741114011793 1.305222988128662 437
1741114011793 1.30893075466156 438
1741114011794 1.3065195083618164 439
1741114011794 1.303078532218933 440
1741114011794 1.3137061595916748 441
1741114011795 1.3131707906723022 442
1741114011795 1.3040897846221924 443
1741114011796 1.3016176223754883 444
1741114011796 1.3121964931488037 445
1741114011796 1.2985401153564453 446
1741114011797 1.30215585231781 447
1741114011797 1.3052536249160767 448
1741114011797 1.3068861961364746 449
1741114011798 1.2996857166290283 450
1741114011798 1.3030258417129517 451
1741114011799 1.2989615201950073 452
1741114011799 1.3046320676803589 453
1741114011799 1.305986762046814 454
1741114011800 1.3107775449752808 455
1741114011800 1.300926685333252 456
1741114011801 1.3046056032180786 457
1741114011801 1.3207287788391113 458
1741114011801 1.295853614807129 459
1741114011802 1.3009167909622192 460
1741114011802 1.2986230850219727 461
1741114011803 1.2903141975402832 462
1741114011803 1.2934861183166504 463
1741114011803 1.297006368637085 464
1741114011804 1.2958680391311646 465
1741114011804 1.2905664443969727 466
1741114011805 1.2980144023895264 467
1741114011805 1.2974294424057007 468
1741114011805 1.2998924255371094 469
1741114011806 1.2963085174560547 470
1741114011806 1.2982287406921387 471
1741114011806 1.305078387260437 472
1741114011807 1.3101917505264282 473
1741114011807 1.299308180809021 474
1741114011808 1.2909092903137207 475
1741114011808 1.289908528327942 476
1741114011808 1.302276849746704 477
1741114011809 1.303666591644287 478
1741114011809 1.2961355447769165 479
1741114011810 1.2890311479568481 480
1741114011810 1.299308180809021 481
1741114011810 1.3088045120239258 482
1741114011811 1.2973322868347168 483
1741114011811 1.2957173585891724 484
1741114011812 1.2916717529296875 485
1741114011812 1.299715280532837 486
1741114011812 1.2914526462554932 487
1741114011813 1.2932640314102173 488
1741114011813 1.2911241054534912 489
1741114011814 1.2993420362472534 490
1741114011814 1.29966139793396 491
1741114011814 1.2856719493865967 492
1741114011815 1.2907577753067017 493
1741114011815 1.2922283411026 494
1741114011816 1.297804832458496 495
1741114011816 1.2930819988250732 496
1741114011816 1.2943484783172607 497
1741114011817 1.297885775566101 498
1741114011817 1.2950196266174316 499
