1741114011618 0.10368750244379044 0
1741114011619 0.19893750548362732 1
1741114011619 0.2503984272480011 2
1741114011619 0.29392188787460327 3
1741114011620 0.32411718368530273 4
1741114011620 0.35088279843330383 5
1741114011621 0.37135937809944153 6
1741114011621 0.3934062421321869 7
1741114011622 0.4075546860694885 8
1741114011622 0.4212656319141388 9
1741114011623 0.4331093728542328 10
1741114011623 0.44435936212539673 11
1741114011623 0.45545312762260437 12
1741114011624 0.4633125066757202 13
1741114011624 0.47218748927116394 14
1741114011625 0.4813750088214874 15
1741114011625 0.48366406559944153 16
1741114011626 0.49296092987060547 17
1741114011626 0.4973124861717224 18
1741114011626 0.5017734169960022 19
1741114011627 0.506515622138977 20
1741114011627 0.5110390782356262 21
1741114011628 0.5112812519073486 22
1741114011628 0.5194687247276306 23
1741114011628 0.521859347820282 24
1741114011629 0.5254843831062317 25
1741114011629 0.5291406512260437 26
1741114011630 0.5328202843666077 27
1741114011630 0.5394296646118164 28
1741114011631 0.5390625 29
1741114011631 0.5402031540870667 30
1741114011631 0.541390597820282 31
1741114011632 0.5453906059265137 32
1741114011632 0.5472109317779541 33
1741114011633 0.551101565361023 34
1741114011633 0.5529453158378601 35
1741114011633 0.5538203120231628 36
1741114011634 0.5577734112739563 37
1741114011634 0.5604609251022339 38
1741114011635 0.5602812767028809 39
1741114011635 0.5614922046661377 40
1741114011635 0.5623124837875366 41
1741114011636 0.5648593902587891 42
1741114011636 0.5663281083106995 43
1741114011637 0.5671015381813049 44
1741114011637 0.571093738079071 45
1741114011637 0.571890652179718 46
1741114011638 0.5766797065734863 47
1741114011638 0.5749140381813049 48
1741114011639 0.5741015672683716 49
1741114011639 0.5764062404632568 50
1741114011639 0.5790390372276306 51
1741114011640 0.5782109498977661 52
1741114011640 0.5813515782356262 53
1741114011641 0.5785859227180481 54
1741114011641 0.5831015706062317 55
1741114011642 0.584179699420929 56
1741114011642 0.5855234265327454 57
1741114011642 0.5860702991485596 58
1741114011643 0.5884062647819519 59
1741114011643 0.5889062285423279 60
1741114011644 0.5901484489440918 61
1741114011644 0.5894452929496765 62
1741114011644 0.5904921889305115 63
1741114011645 0.590093731880188 64
1741114011645 0.5929999947547913 65
1741114011646 0.5945468544960022 66
1741114011646 0.5933046936988831 67
1741114011646 0.597335934638977 68
1741114011647 0.5972734093666077 69
1741114011647 0.5957421660423279 70
1741114011648 0.5982031226158142 71
1741114011648 0.6006640791893005 72
1741114011648 0.5996171832084656 73
1741114011649 0.5988984107971191 74
1741114011649 0.601187527179718 75
1741114011650 0.6039609313011169 76
1741114011650 0.6024609208106995 77
1741114011650 0.6053046584129333 78
1741114011651 0.6050468683242798 79
1741114011651 0.6042578220367432 80
1741114011652 0.6071640849113464 81
1741114011652 0.6041874885559082 82
1741114011652 0.6061015725135803 83
1741114011653 0.6089140772819519 84
1741114011653 0.6079218983650208 85
1741114011654 0.605789065361023 86
1741114011654 0.6048750281333923 87
1741114011654 0.6090859174728394 88
1741114011655 0.6085000038146973 89
1741114011655 0.6108828186988831 90
1741114011656 0.6103281378746033 91
1741114011656 0.611453115940094 92
1741114011657 0.6098984479904175 93
1741114011657 0.6125702857971191 94
1741114011657 0.613085925579071 95
1741114011658 0.6115546822547913 96
1741114011658 0.6114453077316284 97
1741114011659 0.615835964679718 98
1741114011659 0.6155078411102295 99
1741114011659 0.6155624985694885 100
1741114011660 0.6159453392028809 101
1741114011660 0.6160781383514404 102
1741114011661 0.6140234470367432 103
1741114011661 0.6178047060966492 104
1741114011661 0.6166172027587891 105
1741114011662 0.6151250004768372 106
1741114011662 0.6203749775886536 107
1741114011663 0.6208202838897705 108
1741114011663 0.6178359389305115 109
1741114011663 0.6207656264305115 110
1741114011664 0.6198593974113464 111
1741114011664 0.6210625171661377 112
1741114011664 0.6177109479904175 113
1741114011665 0.6188359260559082 114
1741114011665 0.6211953163146973 115
1741114011666 0.6223828196525574 116
1741114011666 0.6260077953338623 117
1741114011667 0.6234843730926514 118
1741114011667 0.6222812533378601 119
1741114011667 0.6254922151565552 120
1741114011668 0.6243125200271606 121
1741114011668 0.6233437657356262 122
1741114011669 0.6252890825271606 123
1741114011669 0.623828113079071 124
1741114011669 0.62109375 125
1741114011670 0.6244218945503235 126
1741114011670 0.6270078420639038 127
1741114011671 0.6265937685966492 128
1741114011671 0.6286406517028809 129
1741114011671 0.6265624761581421 130
1741114011672 0.6284609436988831 131
1741114011672 0.6276718974113464 132
1741114011672 0.6284531354904175 133
1741114011673 0.6296172142028809 134
1741114011673 0.6321328282356262 135
1741114011674 0.6305859088897705 136
1741114011674 0.6291484236717224 137
1741114011675 0.6298984289169312 138
1741114011675 0.6294687390327454 139
1741114011675 0.6283593773841858 140
1741114011676 0.6306796669960022 141
1741114011676 0.6295156478881836 142
1741114011677 0.6303515434265137 143
1741114011677 0.6325312256813049 144
1741114011677 0.6332421898841858 145
1741114011678 0.634890615940094 146
1741114011678 0.6340312361717224 147
1741114011679 0.6339687705039978 148
1741114011679 0.6338515877723694 149
1741114011679 0.6329531073570251 150
1741114011680 0.6329765915870667 151
1741114011680 0.6365390419960022 152
1741114011681 0.6348984241485596 153
1741114011681 0.6347265839576721 154
1741114011681 0.6331640481948853 155
1741114011682 0.6363593935966492 156
1741114011682 0.6354452967643738 157
1741114011683 0.6366171836853027 158
1741114011683 0.6364921927452087 159
1741114011683 0.633984386920929 160
1741114011684 0.6369609236717224 161
1741114011684 0.6354843974113464 162
1741114011685 0.6344921588897705 163
1741114011685 0.6345937252044678 164
1741114011685 0.6401093602180481 165
1741114011686 0.6402343511581421 166
1741114011686 0.6348281502723694 167
1741114011687 0.638070285320282 168
1741114011687 0.6389999985694885 169
1741114011687 0.6384062767028809 170
1741114011688 0.6394296884536743 171
1741114011688 0.6406797170639038 172
1741114011689 0.6405234336853027 173
1741114011689 0.6389453411102295 174
1741114011689 0.6390390396118164 175
1741114011690 0.6349843740463257 176
1741114011690 0.638742208480835 177
1741114011691 0.6398828029632568 178
1741114011691 0.6430078148841858 179
1741114011691 0.6398046612739563 180
1741114011692 0.6423749923706055 181
1741114011692 0.6404609084129333 182
1741114011693 0.6411328315734863 183
1741114011693 0.6442421674728394 184
1741114011693 0.6446640491485596 185
1741114011694 0.6400390863418579 186
1741114011694 0.6369843482971191 187
1741114011695 0.6425937414169312 188
1741114011695 0.6426953077316284 189
1741114011695 0.6427890658378601 190
1741114011696 0.6435078382492065 191
1741114011696 0.6419844031333923 192
1741114011697 0.6454921960830688 193
1741114011697 0.6423671841621399 194
1741114011697 0.6442343592643738 195
1741114011698 0.6433359384536743 196
1741114011698 0.6433125138282776 197
1741114011699 0.6426640748977661 198
1741114011699 0.6446093916893005 199
1741114011699 0.6476874947547913 200
1741114011700 0.645703136920929 201
1741114011700 0.6476718783378601 202
1741114011701 0.6452968716621399 203
1741114011701 0.6455703377723694 204
1741114011701 0.6448203325271606 205
1741114011702 0.6498281359672546 206
1741114011702 0.6435156464576721 207
1741114011703 0.6460078358650208 208
1741114011703 0.6460078358650208 209
1741114011703 0.6446171998977661 210
1741114011704 0.6467890739440918 211
1741114011704 0.6469843983650208 212
1741114011705 0.6470390558242798 213
1741114011705 0.6469140648841858 214
1741114011705 0.6499999761581421 215
1741114011706 0.648687481880188 216
1741114011706 0.6473125219345093 217
1741114011707 0.6501093506813049 218
1741114011707 0.648117184638977 219
1741114011707 0.6482812762260437 220
1741114011708 0.6495859622955322 221
1741114011708 0.6481093764305115 222
1741114011709 0.6472187638282776 223
1741114011709 0.6486015915870667 224
1741114011709 0.6495312452316284 225
1741114011710 0.6497031450271606 226
1741114011710 0.6502109169960022 227
1741114011711 0.6486718654632568 228
1741114011711 0.650320291519165 229
1741114011711 0.6493359208106995 230
1741114011712 0.6521875262260437 231
1741114011712 0.650585949420929 232
1741114011712 0.6497812271118164 233
1741114011713 0.650265634059906 234
1741114011713 0.6504218578338623 235
1741114011714 0.6518984436988831 236
1741114011714 0.654046893119812 237
1741114011714 0.6544140577316284 238
1741114011715 0.6536874771118164 239
1741114011715 0.653445303440094 240
1741114011716 0.6537578105926514 241
1741114011716 0.654296875 242
1741114011716 0.6544374823570251 243
1741114011717 0.6527422070503235 244
1741114011717 0.6535937786102295 245
1741114011718 0.6537968516349792 246
1741114011718 0.6517187356948853 247
1741114011718 0.6525859236717224 248
1741114011719 0.6526250243186951 249
1741114011719 0.656374990940094 250
1741114011720 0.654046893119812 251
1741114011720 0.6560078263282776 252
1741114011720 0.6542421579360962 253
1741114011721 0.6563047170639038 254
1741114011721 0.6572890877723694 255
1741114011722 0.6534296870231628 256
1741114011722 0.6524453163146973 257
1741114011722 0.6542734503746033 258
1741114011723 0.6538281440734863 259
1741114011723 0.6574687361717224 260
1741114011724 0.6546328067779541 261
1741114011724 0.6564218997955322 262
1741114011724 0.657031238079071 263
1741114011725 0.6567578315734863 264
1741114011725 0.6543359160423279 265
1741114011726 0.6581171751022339 266
1741114011726 0.657351553440094 267
1741114011726 0.6575312614440918 268
1741114011727 0.6545312404632568 269
1741114011727 0.6546484231948853 270
1741114011728 0.6593672037124634 271
1741114011728 0.6579687595367432 272
1741114011728 0.6585937738418579 273
1741114011729 0.6579296588897705 274
1741114011729 0.6581562757492065 275
1741114011729 0.6577890515327454 276
1741114011730 0.6541484594345093 277
1741114011730 0.6531171798706055 278
1741114011731 0.655648410320282 279
1741114011731 0.660085916519165 280
1741114011731 0.6586874723434448 281
1741114011732 0.6598203182220459 282
1741114011732 0.6594140529632568 283
1741114011733 0.6585078239440918 284
1741114011733 0.6609531044960022 285
1741114011733 0.6595078110694885 286
1741114011734 0.658007800579071 287
1741114011734 0.6599375009536743 288
1741114011735 0.6602968573570251 289
1741114011735 0.6618281006813049 290
1741114011735 0.663937509059906 291
1741114011736 0.658273458480835 292
1741114011736 0.6575624942779541 293
1741114011737 0.6625937223434448 294
1741114011737 0.6618281006813049 295
1741114011737 0.6591328382492065 296
1741114011738 0.6551406383514404 297
1741114011738 0.6452422142028809 298
1741114011739 0.6534765362739563 299
1741114011739 0.6578202843666077 300
1741114011739 0.6593828201293945 301
1741114011740 0.6605781316757202 302
1741114011740 0.6616796851158142 303
1741114011741 0.6617968678474426 304
1741114011741 0.6625234484672546 305
1741114011741 0.6603281497955322 306
1741114011742 0.6622968912124634 307
1741114011742 0.6617500185966492 308
1741114011743 0.6611406207084656 309
1741114011743 0.6615937352180481 310
1741114011743 0.6627578139305115 311
1741114011744 0.6591562628746033 312
1741114011744 0.664437472820282 313
1741114011745 0.6612969040870667 314
1741114011745 0.6640859246253967 315
1741114011745 0.6612343788146973 316
1741114011746 0.6637499928474426 317
1741114011746 0.6627890467643738 318
1741114011747 0.6659374833106995 319
1741114011747 0.6624531149864197 320
1741114011747 0.6644999980926514 321
1741114011748 0.6634531021118164 322
1741114011748 0.6641250252723694 323
1741114011748 0.660281240940094 324
1741114011749 0.662710964679718 325
1741114011749 0.6647968888282776 326
1741114011750 0.6626640558242798 327
1741114011750 0.6657812595367432 328
1741114011750 0.6626952886581421 329
1741114011751 0.6651328206062317 330
1741114011751 0.6634296774864197 331
1741114011752 0.6639765501022339 332
1741114011752 0.6657265424728394 333
1741114011752 0.6649531126022339 334
1741114011753 0.6640390753746033 335
1741114011753 0.665695309638977 336
1741114011754 0.6633203029632568 337
1741114011754 0.665234386920929 338
1741114011754 0.6662968993186951 339
1741114011755 0.6648359298706055 340
1741114011755 0.6658750176429749 341
1741114011756 0.6667265892028809 342
1741114011756 0.6652968525886536 343
1741114011756 0.6664999723434448 344
1741114011757 0.6664843559265137 345
1741114011757 0.6644218564033508 346
1741114011758 0.6672734618186951 347
1741114011758 0.664843738079071 348
1741114011758 0.6678671836853027 349
1741114011759 0.6687265634536743 350
1741114011759 0.6669453382492065 351
1741114011759 0.6648203134536743 352
1741114011760 0.6665937304496765 353
1741114011760 0.6666874885559082 354
1741114011761 0.6678203344345093 355
1741114011761 0.6679375171661377 356
1741114011761 0.6665937304496765 357
1741114011762 0.6695703268051147 358
1741114011762 0.6683984398841858 359
1741114011763 0.6670469045639038 360
1741114011763 0.6665390729904175 361
1741114011763 0.6675312519073486 362
1741114011764 0.6697421669960022 363
1741114011764 0.6676640510559082 364
1741114011765 0.6682734489440918 365
1741114011765 0.6670390367507935 366
1741114011765 0.6683202981948853 367
1741114011766 0.6689062714576721 368
1741114011766 0.6710078120231628 369
1741114011767 0.6686562299728394 370
1741114011767 0.6667265892028809 371
1741114011767 0.6695703268051147 372
1741114011768 0.668218731880188 373
1741114011768 0.6710078120231628 374
1741114011769 0.6685312390327454 375
1741114011769 0.6674374938011169 376
1741114011769 0.6686797142028809 377
1741114011770 0.6702343821525574 378
1741114011770 0.6688984632492065 379
1741114011770 0.6694218516349792 380
1741114011771 0.6683281064033508 381
1741114011771 0.6670781373977661 382
1741114011772 0.6696171760559082 383
1741114011772 0.6701953411102295 384
1741114011772 0.6714296936988831 385
1741114011773 0.6706249713897705 386
1741114011773 0.670968770980835 387
1741114011774 0.671554684638977 388
1741114011774 0.666335940361023 389
1741114011774 0.6732187271118164 390
1741114011775 0.6692968606948853 391
1741114011775 0.6705937385559082 392
1741114011776 0.6728203296661377 393
1741114011776 0.6674140691757202 394
1741114011776 0.6688593626022339 395
1741114011777 0.6698671579360962 396
1741114011777 0.6706562638282776 397
1741114011777 0.6700859665870667 398
1741114011778 0.6708437204360962 399
1741114011778 0.6693828105926514 400
1741114011779 0.670296847820282 401
1741114011779 0.6695234179496765 402
1741114011779 0.6721875071525574 403
1741114011780 0.6729375123977661 404
1741114011780 0.6696406006813049 405
1741114011781 0.6698359251022339 406
1741114011781 0.671148419380188 407
1741114011781 0.6741093993186951 408
1741114011782 0.670968770980835 409
1741114011782 0.6730781197547913 410
1741114011783 0.6731562614440918 411
1741114011783 0.6712109446525574 412
1741114011783 0.6706874966621399 413
1741114011784 0.6729609370231628 414
1741114011784 0.672476589679718 415
1741114011785 0.672656238079071 416
1741114011785 0.6724062561988831 417
1741114011785 0.6731953024864197 418
1741114011786 0.6746640801429749 419
1741114011786 0.6719531416893005 420
1741114011786 0.6723593473434448 421
1741114011787 0.6735625267028809 422
1741114011787 0.6747812628746033 423
1741114011788 0.6637031435966492 424
1741114011788 0.667593777179718 425
1741114011788 0.672656238079071 426
1741114011789 0.6732500195503235 427
1741114011789 0.6724452972412109 428
1741114011790 0.6704687476158142 429
1741114011790 0.673171877861023 430
1741114011790 0.6747265458106995 431
1741114011791 0.6761718988418579 432
1741114011791 0.6721875071525574 433
1741114011792 0.6752343773841858 434
1741114011792 0.6734374761581421 435
1741114011792 0.6741952896118164 436
1741114011793 0.6742656230926514 437
1741114011793 0.6732812523841858 438
1741114011794 0.6736562252044678 439
1741114011794 0.6744687557220459 440
1741114011794 0.673953115940094 441
1741114011795 0.6728749871253967 442
1741114011795 0.6752578020095825 443
1741114011796 0.6758359670639038 444
1741114011796 0.6721640825271606 445
1741114011796 0.6764687299728394 446
1741114011797 0.6762421727180481 447
1741114011797 0.6743359565734863 448
1741114011797 0.6747968792915344 449
1741114011798 0.676101565361023 450
1741114011798 0.6762109398841858 451
1741114011799 0.6768749952316284 452
1741114011799 0.6747499704360962 453
1741114011799 0.6743671894073486 454
1741114011800 0.674203097820282 455
1741114011800 0.677359402179718 456
1741114011801 0.6744765639305115 457
1741114011801 0.6720077991485596 458
1741114011801 0.6769843697547913 459
1741114011802 0.6752031445503235 460
1741114011802 0.676156222820282 461
1741114011803 0.6787577867507935 462
1741114011803 0.677664041519165 463
1741114011803 0.6780468821525574 464
1741114011804 0.6771953105926514 465
1741114011804 0.6782734394073486 466
1741114011805 0.6757344007492065 467
1741114011805 0.6762265563011169 468
1741114011805 0.6754999756813049 469
1741114011806 0.6758280992507935 470
1741114011806 0.6778125166893005 471
1741114011806 0.6749765872955322 472
1741114011807 0.6744453310966492 473
1741114011807 0.6767030954360962 474
1741114011808 0.6791328191757202 475
1741114011808 0.6783202886581421 476
1741114011808 0.6763749718666077 477
1741114011809 0.6762187480926514 478
1741114011809 0.6773828268051147 479
1741114011810 0.6789296865463257 480
1741114011810 0.6776875257492065 481
1741114011810 0.6742578148841858 482
1741114011811 0.6757578253746033 483
1741114011811 0.6765468716621399 484
1741114011812 0.6771562695503235 485
1741114011812 0.6758750081062317 486
1741114011812 0.6775312423706055 487
1741114011813 0.6791796684265137 488
1741114011813 0.6776484251022339 489
1741114011814 0.677007794380188 490
1741114011814 0.6772968769073486 491
1741114011814 0.6792812347412109 492
1741114011815 0.6786093711853027 493
1741114011815 0.6781718730926514 494
1741114011816 0.677484393119812 495
1741114011816 0.6792343854904175 496
1741114011816 0.6789218783378601 497
1741114011817 0.6775312423706055 498
1741114011817 0.6778437495231628 499
