1741044246566 0.03476562350988388 0
1741044246567 0.05859375 1
1741044246568 0.07718750089406967 2
1741044246568 0.09101562201976776 3
1741044246568 0.10234375298023224 4
1741044246569 0.11554687470197678 5
1741044246569 0.12984375655651093 6
1741044246570 0.1342187523841858 7
1741044246570 0.14570312201976776 8
1741044246571 0.15398436784744263 9
1741044246571 0.1557031273841858 10
1741044246571 0.16507811844348907 11
1741044246572 0.16734375059604645 12
1741044246572 0.1798437535762787 13
1741044246573 0.1908593773841858 14
1741044246573 0.19242186844348907 15
1741044246573 0.18937499821186066 16
1741044246574 0.20539063215255737 17
1741044246574 0.2123437523841858 18
1741044246575 0.21968750655651093 19
1741044246575 0.21875 20
1741044246576 0.21906250715255737 21
1741044246576 0.23515625298023224 22
1741044246576 0.23718750476837158 23
1741044246577 0.23304687440395355 24
1741044246577 0.24992187321186066 25
1741044246578 0.2547656297683716 26
1741044246578 0.25664061307907104 27
1741044246578 0.2671875059604645 28
1741044246579 0.2585156261920929 29
1741044246579 0.27046874165534973 30
1741044246580 0.2734375 31
1741044246580 0.2762500047683716 32
1741044246580 0.27882811427116394 33
1741044246581 0.28718748688697815 34
1741044246581 0.2926562428474426 35
1741044246581 0.2897656261920929 36
1741044246582 0.2971875071525574 37
1741044246582 0.3059374988079071 38
1741044246583 0.30617186427116394 39
1741044246583 0.30335938930511475 40
1741044246583 0.3146093785762787 41
1741044246584 0.30859375 42
1741044246584 0.32023438811302185 43
1741044246585 0.3286718726158142 44
1741044246585 0.3264843821525574 45
1741044246585 0.33687499165534973 46
1741044246586 0.32914063334465027 47
1741044246586 0.33546873927116394 48
1741044246587 0.3377343714237213 49
