1741044246566 3.9828948974609375 0
1741044246567 3.710306406021118 1
1741044246568 3.645414352416992 2
1741044246568 3.5809807777404785 3
1741044246568 3.5408525466918945 4
1741044246569 3.473954677581787 5
1741044246569 3.422140121459961 6
1741044246570 3.3762924671173096 7
1741044246570 3.3228366374969482 8
1741044246571 3.288397789001465 9
1741044246571 3.2791242599487305 10
1741044246571 3.227736473083496 11
1741044246572 3.2034668922424316 12
1741044246572 3.1622252464294434 13
1741044246573 3.1409058570861816 14
1741044246573 3.1146185398101807 15
1741044246573 3.1047604084014893 16
1741044246574 3.059669256210327 17
1741044246574 3.028427839279175 18
1741044246575 3.0020217895507812 19
1741044246575 3.0087811946868896 20
1741044246576 2.969109535217285 21
1741044246576 2.9339611530303955 22
1741044246576 2.9201483726501465 23
1741044246577 2.92417573928833 24
1741044246577 2.873281240463257 25
1741044246578 2.8532943725585938 26
1741044246578 2.8416171073913574 27
1741044246578 2.796224594116211 28
1741044246579 2.833256483078003 29
1741044246579 2.7648210525512695 30
1741044246580 2.761038303375244 31
1741044246580 2.7495298385620117 32
1741044246580 2.7301037311553955 33
1741044246581 2.6945712566375732 34
1741044246581 2.6802234649658203 35
1741044246581 2.6962716579437256 36
1741044246582 2.660050392150879 37
1741044246582 2.6423838138580322 38
1741044246583 2.616947650909424 39
1741044246583 2.6445705890655518 40
1741044246583 2.602742910385132 41
1741044246584 2.5942184925079346 42
1741044246584 2.5593173503875732 43
1741044246585 2.5439200401306152 44
1741044246585 2.5560383796691895 45
1741044246585 2.5263192653656006 46
1741044246586 2.537654399871826 47
1741044246586 2.5114243030548096 48
1741044246587 2.5012624263763428 49
