1741124723357 3.517019510269165 0
1741124723357 2.9698665142059326 1
1741124723358 2.655022144317627 2
1741124723358 2.454281806945801 3
1741124723359 2.311751365661621 4
1741124723359 2.2058112621307373 5
1741124723360 2.1163296699523926 6
1741124723360 2.0561792850494385 7
1741124723361 1.9849339723587036 8
1741124723361 1.9381760358810425 9
1741124723361 1.8901851177215576 10
1741124723362 1.853647232055664 11
1741124723362 1.8221968412399292 12
1741124723363 1.7843903303146362 13
1741124723363 1.7582848072052002 14
1741124723364 1.724220633506775 15
1741124723364 1.7038770914077759 16
1741124723364 1.6804962158203125 17
1741124723365 1.6587530374526978 18
1741124723365 1.639696478843689 19
1741124723366 1.6243451833724976 20
1741124723366 1.6107861995697021 21
1741124723367 1.6025128364562988 22
1741124723367 1.5793384313583374 23
1741124723367 1.5695691108703613 24
1741124723368 1.5582693815231323 25
1741124723368 1.541792869567871 26
1741124723369 1.5284199714660645 27
1741124723369 1.522943377494812 28
1741124723369 1.5175502300262451 29
1741124723370 1.5072065591812134 30
1741124723370 1.4968456029891968 31
1741124723371 1.4876716136932373 32
1741124723371 1.4824371337890625 33
1741124723371 1.478846549987793 34
1741124723372 1.4647753238677979 35
1741124723372 1.4593820571899414 36
1741124723373 1.4501526355743408 37
1741124723373 1.4449719190597534 38
1741124723374 1.4416985511779785 39
1741124723374 1.4302732944488525 40
1741124723374 1.4223045110702515 41
1741124723375 1.4187942743301392 42
1741124723375 1.4112735986709595 43
1741124723376 1.4145097732543945 44
1741124723376 1.4050555229187012 45
1741124723376 1.3984339237213135 46
1741124723377 1.3948259353637695 47
1741124723377 1.3877707719802856 48
1741124723378 1.3856539726257324 49
1741124723378 1.3757294416427612 50
1741124723379 1.3767881393432617 51
1741124723379 1.3797791004180908 52
1741124723379 1.3705027103424072 53
1741124723380 1.3672727346420288 54
1741124723380 1.3572622537612915 55
1741124723381 1.3563493490219116 56
1741124723381 1.3544687032699585 57
1741124723381 1.3430644273757935 58
1741124723382 1.3393306732177734 59
1741124723382 1.3435152769088745 60
1741124723383 1.3386543989181519 61
1741124723383 1.3323758840560913 62
1741124723383 1.3298718929290771 63
1741124723384 1.3220598697662354 64
1741124723384 1.325613021850586 65
1741124723385 1.3122950792312622 66
1741124723385 1.3162165880203247 67
1741124723385 1.3122200965881348 68
1741124723386 1.3153741359710693 69
1741124723386 1.30635404586792 70
1741124723387 1.3074727058410645 71
1741124723387 1.3076387643814087 72
1741124723387 1.3099595308303833 73
1741124723388 1.2958128452301025 74
1741124723388 1.2915281057357788 75
1741124723389 1.288179874420166 76
1741124723389 1.2913172245025635 77
1741124723389 1.2913604974746704 78
1741124723390 1.2876806259155273 79
1741124723390 1.2873213291168213 80
1741124723391 1.281948447227478 81
1741124723391 1.2769842147827148 82
1741124723391 1.2820688486099243 83
1741124723392 1.268753170967102 84
1741124723392 1.2769612073898315 85
1741124723393 1.2761504650115967 86
1741124723393 1.2661665678024292 87
1741124723393 1.2700875997543335 88
1741124723394 1.2590985298156738 89
1741124723394 1.26240074634552 90
1741124723395 1.2684202194213867 91
1741124723395 1.259746789932251 92
1741124723396 1.2641608715057373 93
1741124723396 1.2559759616851807 94
1741124723396 1.2517802715301514 95
1741124723397 1.260077714920044 96
1741124723397 1.2430329322814941 97
1741124723398 1.2535244226455688 98
1741124723398 1.2424938678741455 99
1741124723398 1.2424306869506836 100
1741124723399 1.239076018333435 101
1741124723399 1.2390657663345337 102
1741124723400 1.2431753873825073 103
1741124723400 1.2392618656158447 104
1741124723400 1.2336938381195068 105
1741124723401 1.2368937730789185 106
1741124723401 1.2388161420822144 107
1741124723402 1.2228893041610718 108
1741124723402 1.2316137552261353 109
1741124723402 1.2245210409164429 110
1741124723403 1.229943037033081 111
1741124723403 1.2298380136489868 112
1741124723404 1.2243179082870483 113
1741124723404 1.2237240076065063 114
1741124723404 1.2180417776107788 115
1741124723405 1.2277849912643433 116
1741124723405 1.2276279926300049 117
1741124723406 1.207035779953003 118
1741124723406 1.2100300788879395 119
1741124723406 1.2090567350387573 120
1741124723407 1.2211639881134033 121
1741124723407 1.2089110612869263 122
1741124723408 1.2036629915237427 123
1741124723408 1.206391453742981 124
1741124723408 1.2020175457000732 125
1741124723409 1.2018002271652222 126
1741124723409 1.2088723182678223 127
1741124723410 1.1991664171218872 128
1741124723410 1.1965484619140625 129
1741124723410 1.2078959941864014 130
1741124723411 1.205444097518921 131
1741124723411 1.1969478130340576 132
1741124723412 1.2102477550506592 133
1741124723412 1.1924593448638916 134
1741124723412 1.1965982913970947 135
1741124723413 1.1916141510009766 136
1741124723413 1.1952965259552002 137
1741124723413 1.1849807500839233 138
1741124723414 1.1954076290130615 139
1741124723414 1.200148105621338 140
1741124723415 1.1873399019241333 141
1741124723415 1.1867649555206299 142
1741124723415 1.1804128885269165 143
1741124723416 1.1848483085632324 144
1741124723416 1.1816190481185913 145
1741124723417 1.1779817342758179 146
1741124723417 1.1858124732971191 147
1741124723417 1.183021068572998 148
1741124723418 1.1832149028778076 149
1741124723418 1.1876236200332642 150
1741124723419 1.181393027305603 151
1741124723419 1.1797369718551636 152
1741124723419 1.1801609992980957 153
1741124723420 1.1732138395309448 154
1741124723420 1.171602725982666 155
1741124723421 1.1729737520217896 156
1741124723421 1.1719835996627808 157
1741124723421 1.1747022867202759 158
1741124723422 1.1642595529556274 159
1741124723422 1.1702226400375366 160
1741124723423 1.1683517694473267 161
1741124723423 1.1626216173171997 162
1741124723424 1.1648385524749756 163
1741124723424 1.1634631156921387 164
1741124723424 1.1742126941680908 165
1741124723425 1.1598092317581177 166
1741124723425 1.1697152853012085 167
1741124723425 1.1664103269577026 168
1741124723426 1.1596471071243286 169
1741124723426 1.160194993019104 170
1741124723427 1.164842128753662 171
1741124723427 1.160719633102417 172
1741124723428 1.1632426977157593 173
1741124723428 1.1585843563079834 174
1741124723428 1.1567893028259277 175
1741124723429 1.1592257022857666 176
1741124723429 1.1533583402633667 177
1741124723429 1.1595988273620605 178
1741124723430 1.1578680276870728 179
1741124723430 1.1472450494766235 180
1741124723431 1.155942440032959 181
1741124723431 1.1531540155410767 182
1741124723431 1.1561156511306763 183
1741124723432 1.1448071002960205 184
1741124723432 1.1440519094467163 185
1741124723433 1.1518690586090088 186
1741124723433 1.1518585681915283 187
1741124723433 1.144754409790039 188
1741124723434 1.146733283996582 189
1741124723434 1.1461387872695923 190
1741124723435 1.1382371187210083 191
1741124723435 1.1469147205352783 192
1741124723435 1.145519495010376 193
1741124723436 1.1409587860107422 194
1741124723436 1.1486940383911133 195
1741124723437 1.1320221424102783 196
1741124723437 1.1445307731628418 197
1741124723437 1.1438243389129639 198
1741124723438 1.1385878324508667 199
1741124723438 1.1421669721603394 200
1741124723439 1.1396266222000122 201
1741124723439 1.1313366889953613 202
1741124723439 1.135616660118103 203
1741124723440 1.1353111267089844 204
1741124723440 1.1426016092300415 205
1741124723441 1.1293706893920898 206
1741124723441 1.1330962181091309 207
1741124723441 1.1284123659133911 208
1741124723442 1.12699294090271 209
1741124723442 1.1333142518997192 210
1741124723443 1.127293586730957 211
1741124723443 1.1307846307754517 212
1741124723443 1.1237142086029053 213
1741124723444 1.1268646717071533 214
1741124723444 1.131594181060791 215
1741124723445 1.133567452430725 216
1741124723445 1.1297218799591064 217
1741124723445 1.1308649778366089 218
1741124723446 1.131641149520874 219
1741124723446 1.120814561843872 220
1741124723447 1.124782681465149 221
1741124723447 1.1200084686279297 222
1741124723447 1.1258504390716553 223
1741124723448 1.1161112785339355 224
1741124723448 1.120249629020691 225
1741124723449 1.1217029094696045 226
1741124723449 1.1166332960128784 227
1741124723449 1.1213219165802002 228
1741124723450 1.1215769052505493 229
1741124723450 1.1207023859024048 230
1741124723451 1.1202625036239624 231
1741124723451 1.1175905466079712 232
1741124723451 1.1253695487976074 233
1741124723452 1.122293472290039 234
1741124723452 1.1121859550476074 235
1741124723453 1.1146436929702759 236
1741124723453 1.108048915863037 237
1741124723454 1.1136565208435059 238
1741124723454 1.1168569326400757 239
1741124723454 1.108957290649414 240
1741124723455 1.1200023889541626 241
1741124723455 1.11121666431427 242
1741124723456 1.1206105947494507 243
1741124723456 1.1117701530456543 244
1741124723457 1.107421636581421 245
1741124723457 1.1092175245285034 246
1741124723457 1.1123857498168945 247
1741124723458 1.1146811246871948 248
1741124723458 1.1044056415557861 249
1741124723459 1.1014906167984009 250
1741124723459 1.106716275215149 251
1741124723459 1.1122905015945435 252
1741124723460 1.0993661880493164 253
1741124723460 1.109397053718567 254
1741124723461 1.108121395111084 255
1741124723461 1.1052067279815674 256
1741124723461 1.1118685007095337 257
1741124723462 1.1001909971237183 258
1741124723462 1.0947070121765137 259
1741124723463 1.1013075113296509 260
1741124723463 1.1033661365509033 261
1741124723463 1.105931282043457 262
1741124723464 1.0983285903930664 263
1741124723464 1.0915837287902832 264
1741124723465 1.100876808166504 265
1741124723465 1.0964603424072266 266
1741124723465 1.1000499725341797 267
1741124723466 1.0986772775650024 268
1741124723466 1.105178952217102 269
1741124723467 1.099647045135498 270
1741124723467 1.1086277961730957 271
1741124723467 1.0941601991653442 272
1741124723468 1.0941389799118042 273
1741124723468 1.0968011617660522 274
1741124723469 1.1006639003753662 275
1741124723469 1.0932493209838867 276
1741124723469 1.0971108675003052 277
1741124723470 1.1051865816116333 278
1741124723470 1.0925238132476807 279
1741124723471 1.0934022665023804 280
1741124723471 1.0978354215621948 281
1741124723471 1.0913714170455933 282
1741124723472 1.0967262983322144 283
1741124723472 1.1013367176055908 284
1741124723473 1.099605917930603 285
1741124723473 1.0934020280838013 286
1741124723473 1.0909976959228516 287
1741124723474 1.0964213609695435 288
1741124723474 1.0858936309814453 289
1741124723475 1.0896676778793335 290
1741124723475 1.096455693244934 291
1741124723475 1.0942564010620117 292
1741124723476 1.0860843658447266 293
1741124723476 1.093356966972351 294
1741124723477 1.0847383737564087 295
1741124723477 1.090602159500122 296
1741124723477 1.0798072814941406 297
1741124723478 1.08627188205719 298
1741124723478 1.0886343717575073 299
1741124723479 1.0876901149749756 300
1741124723479 1.0832850933074951 301
1741124723479 1.0825775861740112 302
1741124723480 1.0866467952728271 303
1741124723480 1.0942010879516602 304
1741124723481 1.0779738426208496 305
1741124723481 1.0882972478866577 306
1741124723481 1.084887981414795 307
1741124723482 1.086112380027771 308
1741124723482 1.0838314294815063 309
1741124723483 1.0796140432357788 310
1741124723483 1.0843907594680786 311
1741124723483 1.0890439748764038 312
1741124723484 1.0867502689361572 313
1741124723484 1.081206202507019 314
1741124723485 1.0826900005340576 315
1741124723485 1.0892045497894287 316
1741124723485 1.0788486003875732 317
1741124723486 1.0855556726455688 318
1741124723486 1.0871516466140747 319
1741124723487 1.084822416305542 320
1741124723487 1.0736415386199951 321
1741124723487 1.0766098499298096 322
1741124723488 1.07918381690979 323
1741124723488 1.0771758556365967 324
1741124723489 1.074081540107727 325
1741124723489 1.0794377326965332 326
1741124723489 1.0830841064453125 327
1741124723490 1.0726817846298218 328
1741124723490 1.0758154392242432 329
1741124723491 1.0815644264221191 330
1741124723491 1.0668939352035522 331
1741124723491 1.0734596252441406 332
1741124723492 1.0715701580047607 333
1741124723492 1.0755037069320679 334
1741124723492 1.0798630714416504 335
1741124723493 1.0799996852874756 336
1741124723493 1.0760029554367065 337
1741124723494 1.071704387664795 338
1741124723494 1.0773780345916748 339
1741124723495 1.0779836177825928 340
1741124723495 1.0692923069000244 341
1741124723495 1.0694290399551392 342
1741124723496 1.0779205560684204 343
1741124723496 1.0732680559158325 344
1741124723496 1.0817891359329224 345
1741124723497 1.0757672786712646 346
1741124723497 1.0742639303207397 347
1741124723498 1.069952130317688 348
1741124723498 1.0639894008636475 349
1741124723498 1.0712530612945557 350
1741124723499 1.0752485990524292 351
1741124723499 1.0733367204666138 352
1741124723500 1.0672723054885864 353
1741124723500 1.0735111236572266 354
1741124723500 1.0671941041946411 355
1741124723501 1.07689368724823 356
1741124723501 1.0685902833938599 357
1741124723502 1.0700268745422363 358
1741124723502 1.0762561559677124 359
1741124723502 1.065651297569275 360
1741124723503 1.0663951635360718 361
1741124723503 1.0621596574783325 362
1741124723504 1.0714117288589478 363
1741124723504 1.0777100324630737 364
1741124723504 1.0678579807281494 365
1741124723505 1.0604699850082397 366
1741124723505 1.066853642463684 367
1741124723506 1.0664066076278687 368
1741124723506 1.0671730041503906 369
1741124723506 1.0651490688323975 370
1741124723507 1.071987271308899 371
1741124723507 1.069156289100647 372
1741124723508 1.0730013847351074 373
1741124723508 1.0621236562728882 374
1741124723508 1.06507408618927 375
1741124723509 1.0718188285827637 376
1741124723509 1.053889513015747 377
1741124723509 1.0702308416366577 378
1741124723510 1.0582753419876099 379
1741124723510 1.0644878149032593 380
1741124723511 1.0676031112670898 381
1741124723511 1.0674456357955933 382
1741124723512 1.06707763671875 383
1741124723512 1.0613129138946533 384
1741124723512 1.0720218420028687 385
1741124723513 1.0611928701400757 386
1741124723513 1.056490182876587 387
1741124723513 1.057644009590149 388
1741124723514 1.0585986375808716 389
1741124723514 1.0581773519515991 390
1741124723515 1.0617854595184326 391
1741124723515 1.063826322555542 392
1741124723515 1.056113600730896 393
1741124723516 1.0567617416381836 394
1741124723516 1.0623887777328491 395
1741124723517 1.058391809463501 396
1741124723517 1.052891492843628 397
1741124723517 1.0616581439971924 398
1741124723518 1.0622905492782593 399
1741124723518 1.0613869428634644 400
1741124723519 1.0514278411865234 401
1741124723519 1.0561457872390747 402
1741124723519 1.058917760848999 403
1741124723520 1.0533579587936401 404
1741124723520 1.052365779876709 405
1741124723521 1.0652973651885986 406
1741124723521 1.0497971773147583 407
1741124723521 1.062812328338623 408
1741124723522 1.0646615028381348 409
1741124723522 1.0533899068832397 410
1741124723523 1.0545183420181274 411
1741124723523 1.0549432039260864 412
1741124723523 1.0548959970474243 413
1741124723524 1.0486729145050049 414
1741124723524 1.0491607189178467 415
1741124723525 1.0530823469161987 416
1741124723525 1.0536664724349976 417
1741124723525 1.0566117763519287 418
1741124723526 1.0527650117874146 419
1741124723526 1.0522199869155884 420
1741124723527 1.0449657440185547 421
1741124723527 1.0480965375900269 422
1741124723527 1.0503456592559814 423
1741124723528 1.0513415336608887 424
1741124723528 1.0563472509384155 425
1741124723528 1.0457069873809814 426
1741124723529 1.051276683807373 427
1741124723529 1.058058261871338 428
1741124723530 1.049605369567871 429
1741124723530 1.052255392074585 430
1741124723530 1.050587773323059 431
1741124723531 1.0448856353759766 432
1741124723531 1.056350827217102 433
1741124723532 1.0498638153076172 434
1741124723532 1.038604497909546 435
1741124723532 1.0564831495285034 436
1741124723533 1.0524502992630005 437
1741124723533 1.0514572858810425 438
1741124723534 1.0481493473052979 439
1741124723534 1.0403831005096436 440
1741124723534 1.0477361679077148 441
1741124723535 1.0474004745483398 442
1741124723535 1.0500438213348389 443
1741124723536 1.045782208442688 444
1741124723536 1.0472334623336792 445
1741124723536 1.0491868257522583 446
1741124723537 1.0411454439163208 447
1741124723537 1.0477783679962158 448
1741124723538 1.0395807027816772 449
1741124723538 1.0398836135864258 450
1741124723538 1.0454652309417725 451
1741124723539 1.0405247211456299 452
1741124723539 1.0415514707565308 453
1741124723540 1.045241355895996 454
1741124723540 1.0408881902694702 455
1741124723540 1.0422306060791016 456
1741124723541 1.0429431200027466 457
1741124723541 1.0426104068756104 458
1741124723542 1.0442557334899902 459
1741124723542 1.0372225046157837 460
1741124723542 1.0407167673110962 461
1741124723543 1.0387357473373413 462
1741124723543 1.050731897354126 463
1741124723544 1.0376476049423218 464
1741124723544 1.0453320741653442 465
1741124723545 1.0395427942276 466
1741124723545 1.0449182987213135 467
1741124723545 1.0341274738311768 468
1741124723546 1.0403903722763062 469
1741124723546 1.0435823202133179 470
1741124723547 1.041792631149292 471
1741124723547 1.0410021543502808 472
1741124723547 1.0425082445144653 473
1741124723548 1.0397076606750488 474
1741124723548 1.0420604944229126 475
1741124723548 1.0413066148757935 476
1741124723549 1.0307289361953735 477
1741124723549 1.0393080711364746 478
1741124723550 1.039202094078064 479
1741124723550 1.0384480953216553 480
1741124723550 1.042765736579895 481
1741124723551 1.0367560386657715 482
1741124723551 1.0367721319198608 483
1741124723552 1.0297240018844604 484
1741124723552 1.0310838222503662 485
1741124723552 1.0293476581573486 486
1741124723553 1.0369514226913452 487
1741124723553 1.0450161695480347 488
1741124723554 1.036434531211853 489
1741124723554 1.0376334190368652 490
1741124723554 1.037287950515747 491
1741124723555 1.0325249433517456 492
1741124723555 1.0470201969146729 493
1741124723556 1.0310701131820679 494
1741124723556 1.0360182523727417 495
1741124723556 1.0336792469024658 496
1741124723557 1.0329692363739014 497
1741124723557 1.0246626138687134 498
1741124723558 1.0312050580978394 499
