1741124723357 0.10319530963897705 0
1741124723357 0.2150000035762787 1
1741124723358 0.2868672013282776 2
1741124723358 0.33597657084465027 3
1741124723359 0.3755468726158142 4
1741124723359 0.4070781171321869 5
1741124723360 0.42875000834465027 6
1741124723360 0.445499986410141 7
1741124723361 0.4671874940395355 8
1741124723361 0.47990626096725464 9
1741124723361 0.49271875619888306 10
1741124723362 0.5043203234672546 11
1741124723362 0.5130234360694885 12
1741124723363 0.5228672027587891 13
1741124723363 0.531179666519165 14
1741124723364 0.5388359427452087 15
1741124723364 0.5455468893051147 16
1741124723364 0.5530781149864197 17
1741124723365 0.5572812557220459 18
1741124723365 0.5633203387260437 19
1741124723366 0.5681952834129333 20
1741124723366 0.5715937614440918 21
1741124723367 0.5738828182220459 22
1741124723367 0.5814375281333923 23
1741124723367 0.5836952924728394 24
1741124723368 0.5879374742507935 25
1741124723368 0.5896406173706055 26
1741124723369 0.5954140424728394 27
1741124723369 0.5967265367507935 28
1741124723369 0.5981640815734863 29
1741124723370 0.600906252861023 30
1741124723370 0.6033124923706055 31
1741124723371 0.6061562299728394 32
1741124723371 0.6089687347412109 33
1741124723371 0.6109452843666077 34
1741124723372 0.6134453415870667 35
1741124723372 0.6145547032356262 36
1741124723373 0.6162656545639038 37
1741124723373 0.6189218759536743 38
1741124723374 0.6202890872955322 39
1741124723374 0.6229687333106995 40
1741124723374 0.6234921813011169 41
1741124723375 0.6258124709129333 42
1741124723375 0.6279140710830688 43
1741124723376 0.6286484599113464 44
1741124723376 0.629687488079071 45
1741124723376 0.6323046684265137 46
1741124723377 0.6325547099113464 47
1741124723377 0.6349062323570251 48
1741124723378 0.6363828182220459 49
1741124723378 0.6392655968666077 50
1741124723379 0.6380546689033508 51
1741124723379 0.6383281350135803 52
1741124723379 0.6396562457084656 53
1741124723380 0.6410468816757202 54
1741124723380 0.6424687504768372 55
1741124723381 0.6447187662124634 56
1741124723381 0.6426953077316284 57
1741124723381 0.6463202834129333 58
1741124723382 0.6470000147819519 59
1741124723382 0.6470702886581421 60
1741124723383 0.6494296789169312 61
1741124723383 0.651296854019165 62
1741124723383 0.6526250243186951 63
1741124723384 0.6538281440734863 64
1741124723384 0.6551406383514404 65
1741124723385 0.6568828225135803 66
1741124723385 0.6556640863418579 67
1741124723385 0.6565155982971191 68
1741124723386 0.6552656292915344 69
1741124723386 0.6590625047683716 70
1741124723387 0.6585859656333923 71
1741124723387 0.659835934638977 72
1741124723387 0.6580469012260437 73
1741124723388 0.6607656478881836 74
1741124723388 0.6636718511581421 75
1741124723389 0.6619609594345093 76
1741124723389 0.6623125076293945 77
1741124723389 0.6623359322547913 78
1741124723390 0.6647655963897705 79
1741124723390 0.6636093854904175 80
1741124723391 0.6651718616485596 81
1741124723391 0.6664531230926514 82
1741124723391 0.6671640872955322 83
1741124723392 0.6678749918937683 84
1741124723392 0.668039083480835 85
1741124723393 0.6669453382492065 86
1741124723393 0.6697187423706055 87
1741124723393 0.6691172122955322 88
1741124723394 0.6713281273841858 89
1741124723394 0.6719765663146973 90
1741124723395 0.6689921617507935 91
1741124723395 0.6722031235694885 92
1741124723396 0.671875 93
1741124723396 0.6738593578338623 94
1741124723396 0.6751406192779541 95
1741124723397 0.6723437309265137 96
1741124723397 0.6760468482971191 97
1741124723398 0.673578143119812 98
1741124723398 0.6761875152587891 99
1741124723398 0.6783750057220459 100
1741124723399 0.6785547137260437 101
1741124723399 0.6775624752044678 102
1741124723400 0.676687479019165 103
1741124723400 0.6778905987739563 104
1741124723400 0.6797343492507935 105
1741124723401 0.6796249747276306 106
1741124723401 0.6787265539169312 107
1741124723402 0.6828593611717224 108
1741124723402 0.6807422041893005 109
1741124723402 0.6809453368186951 110
1741124723403 0.6803671717643738 111
1741124723403 0.6816250085830688 112
1741124723404 0.6819531321525574 113
1741124723404 0.6838203072547913 114
1741124723404 0.682742178440094 115
1741124723405 0.6831172108650208 116
1741124723405 0.682742178440094 117
1741124723406 0.6862812638282776 118
1741124723406 0.6856406331062317 119
1741124723406 0.6868593692779541 120
1741124723407 0.682367205619812 121
1741124723407 0.6858515739440918 122
1741124723408 0.6877265572547913 123
1741124723408 0.6878906488418579 124
1741124723408 0.6887890696525574 125
1741124723409 0.6876093745231628 126
1741124723409 0.6877187490463257 127
1741124723410 0.6879218816757202 128
1741124723410 0.6899140477180481 129
1741124723410 0.6880781054496765 130
1741124723411 0.6880156397819519 131
1741124723411 0.690234363079071 132
1741124723412 0.6876718997955322 133
1741124723412 0.691210925579071 134
1741124723412 0.6903828382492065 135
1741124723413 0.6915468573570251 136
1741124723413 0.6901875138282776 137
1741124723413 0.6937968730926514 138
1741124723414 0.6903828382492065 139
1741124723414 0.6913594007492065 140
1741124723415 0.6933827996253967 141
1741124723415 0.6929218769073486 142
1741124723415 0.6930156350135803 143
1741124723416 0.693734347820282 144
1741124723416 0.6923671960830688 145
1741124723417 0.6943203210830688 146
1741124723417 0.6933827996253967 147
1741124723417 0.6949687600135803 148
1741124723418 0.6938828229904175 149
1741124723418 0.6944687366485596 150
1741124723419 0.6942031383514404 151
1741124723419 0.6947968602180481 152
1741124723419 0.6946640610694885 153
1741124723420 0.6951406002044678 154
1741124723420 0.6973515748977661 155
1741124723421 0.6951093673706055 156
1741124723421 0.6960625052452087 157
1741124723421 0.6946796774864197 158
1741124723422 0.6976327896118164 159
1741124723422 0.6974140405654907 160
1741124723423 0.6968749761581421 161
1741124723423 0.6984687447547913 162
1741124723424 0.6997030973434448 163
1741124723424 0.6994922161102295 164
1741124723424 0.6961484551429749 165
1741124723425 0.7002031207084656 166
1741124723425 0.6983359456062317 167
1741124723425 0.699343740940094 168
1741124723426 0.6997030973434448 169
1741124723426 0.7006015777587891 170
1741124723427 0.6997968554496765 171
1741124723427 0.7009297013282776 172
1741124723428 0.6992499828338623 173
1741124723428 0.7014765739440918 174
1741124723428 0.701046884059906 175
1741124723429 0.7017655968666077 176
1741124723429 0.703320324420929 177
1741124723429 0.7021562457084656 178
1741124723430 0.7019765377044678 179
1741124723430 0.702273428440094 180
1741124723431 0.7018593549728394 181
1741124723431 0.7016171813011169 182
1741124723431 0.7033593654632568 183
1741124723432 0.702804684638977 184
1741124723432 0.7051562666893005 185
1741124723433 0.7034140825271606 186
1741124723433 0.7027890682220459 187
1741124723433 0.7039218544960022 188
1741124723434 0.7049297094345093 189
1741124723434 0.704882800579071 190
1741124723435 0.7064453363418579 191
1741124723435 0.7025781273841858 192
1741124723435 0.7038124799728394 193
1741124723436 0.7055468559265137 194
1741124723436 0.7055078148841858 195
1741124723437 0.7078281044960022 196
1741124723437 0.7057734131813049 197
1741124723437 0.7051874995231628 198
1741124723438 0.7054452896118164 199
1741124723438 0.7036484479904175 200
1741124723439 0.7058125138282776 201
1741124723439 0.7082890868186951 202
1741124723439 0.7082656025886536 203
1741124723440 0.7074297070503235 204
1741124723440 0.705398440361023 205
1741124723441 0.7079843878746033 206
1741124723441 0.7077734470367432 207
1741124723441 0.7091327905654907 208
1741124723442 0.7090312242507935 209
1741124723442 0.707687497138977 210
1741124723443 0.7089687585830688 211
1741124723443 0.7099531292915344 212
1741124723443 0.710210919380188 213
1741124723444 0.7104452848434448 214
1741124723444 0.7088281512260437 215
1741124723445 0.707757830619812 216
1741124723445 0.708664059638977 217
1741124723445 0.7089296579360962 218
1741124723446 0.7086484432220459 219
1741124723446 0.7121875286102295 220
1741124723447 0.7109922170639038 221
1741124723447 0.7126874923706055 222
1741124723447 0.7106328010559082 223
1741124723448 0.7133515477180481 224
1741124723448 0.7123203277587891 225
1741124723449 0.7118984460830688 226
1741124723449 0.7132187485694885 227
1741124723449 0.7124765515327454 228
1741124723450 0.7107187509536743 229
1741124723450 0.7088984251022339 230
1741124723451 0.7122265696525574 231
1741124723451 0.7125312685966492 232
1741124723451 0.7111952900886536 233
1741124723452 0.7112968564033508 234
1741124723452 0.7149609327316284 235
1741124723453 0.7132265567779541 236
1741124723453 0.7149296998977661 237
1741124723454 0.7144843935966492 238
1741124723454 0.7123515605926514 239
1741124723454 0.7137734293937683 240
1741124723455 0.7107031345367432 241
1741124723455 0.7146875262260437 242
1741124723456 0.7143594026565552 243
1741124723456 0.7152812480926514 244
1741124723457 0.7148125171661377 245
1741124723457 0.7153359651565552 246
1741124723457 0.714242160320282 247
1741124723458 0.7143437266349792 248
1741124723458 0.7151093482971191 249
1741124723459 0.7160468697547913 250
1741124723459 0.714593768119812 251
1741124723459 0.7155859470367432 252
1741124723460 0.7174062728881836 253
1741124723460 0.7151015400886536 254
1741124723461 0.7151484489440918 255
1741124723461 0.7172890901565552 256
1741124723461 0.7154296636581421 257
1741124723462 0.7185937762260437 258
1741124723462 0.7214453220367432 259
1741124723463 0.7189609408378601 260
1741124723463 0.7180703282356262 261
1741124723463 0.7153750061988831 262
1741124723464 0.7174218893051147 263
1741124723464 0.7196328043937683 264
1741124723465 0.7185078263282776 265
1741124723465 0.717398464679718 266
1741124723465 0.716601550579071 267
1741124723466 0.7187421917915344 268
1741124723466 0.7163906097412109 269
1741124723467 0.7173749804496765 270
1741124723467 0.7153828144073486 271
1741124723467 0.7188671827316284 272
1741124723468 0.7196171879768372 273
1741124723468 0.7177968621253967 274
1741124723469 0.7184062600135803 275
1741124723469 0.7194140553474426 276
1741124723469 0.7192812561988831 277
1741124723470 0.7181562781333923 278
1741124723470 0.7186718583106995 279
1741124723471 0.71875 280
1741124723471 0.7178281545639038 281
1741124723471 0.7189687490463257 282
1741124723472 0.7199453115463257 283
1741124723472 0.7183593511581421 284
1741124723473 0.7198593616485596 285
1741124723473 0.7211406230926514 286
1741124723473 0.7211328148841858 287
1741124723474 0.7201874852180481 288
1741124723474 0.7215155959129333 289
1741124723475 0.7220625281333923 290
1741124723475 0.7205390334129333 291
1741124723475 0.7199687361717224 292
1741124723476 0.7217656373977661 293
1741124723476 0.7205234169960022 294
1741124723477 0.7205859422683716 295
1741124723477 0.7196953296661377 296
1741124723477 0.7219843864440918 297
1741124723478 0.7210000157356262 298
1741124723478 0.7209922075271606 299
1741124723479 0.7221953272819519 300
1741124723479 0.7218359112739563 301
1741124723479 0.7229843735694885 302
1741124723480 0.7221953272819519 303
1741124723480 0.7200937271118164 304
1741124723481 0.7242031097412109 305
1741124723481 0.7226484417915344 306
1741124723481 0.7214375138282776 307
1741124723482 0.7226718664169312 308
1741124723482 0.7229687571525574 309
1741124723483 0.7235390543937683 310
1741124723483 0.7231249809265137 311
1741124723483 0.722585916519165 312
1741124723484 0.7212812304496765 313
1741124723484 0.7218515872955322 314
1741124723485 0.7214687466621399 315
1741124723485 0.7225703001022339 316
1741124723485 0.7240703105926514 317
1741124723486 0.7217656373977661 318
1741124723486 0.7226328253746033 319
1741124723487 0.7231327891349792 320
1741124723487 0.7240625023841858 321
1741124723487 0.723757803440094 322
1741124723488 0.7247812747955322 323
1741124723488 0.7248828411102295 324
1741124723489 0.7241874933242798 325
1741124723489 0.7234296798706055 326
1741124723489 0.7223749756813049 327
1741124723490 0.7259843945503235 328
1741124723490 0.7257031202316284 329
1741124723491 0.7238906025886536 330
1741124723491 0.7278515696525574 331
1741124723491 0.7259765863418579 332
1741124723492 0.726492166519165 333
1741124723492 0.7245312333106995 334
1741124723492 0.7236015796661377 335
1741124723493 0.7241718769073486 336
1741124723493 0.724929690361023 337
1741124723494 0.7262578010559082 338
1741124723494 0.7246406078338623 339
1741124723495 0.7234843969345093 340
1741124723495 0.7264843583106995 341
1741124723495 0.7280625104904175 342
1741124723496 0.724859356880188 343
1741124723496 0.7258984446525574 344
1741124723496 0.7257734537124634 345
1741124723497 0.7249609231948853 346
1741124723497 0.7251484394073486 347
1741124723498 0.7270468473434448 348
1741124723498 0.728195309638977 349
1741124723498 0.7262187600135803 350
1741124723499 0.7245000004768372 351
1741124723499 0.7254999876022339 352
1741124723500 0.7255859375 353
1741124723500 0.7251796722412109 354
1741124723500 0.7268515825271606 355
1741124723501 0.7248671650886536 356
1741124723501 0.7272421717643738 357
1741124723502 0.7281718850135803 358
1741124723502 0.7250859141349792 359
1741124723502 0.7274453043937683 360
1741124723503 0.727734386920929 361
1741124723503 0.7283984422683716 362
1741124723504 0.7271171808242798 363
1741124723504 0.7245078086853027 364
1741124723504 0.7270625233650208 365
1741124723505 0.7284922003746033 366
1741124723505 0.7284062504768372 367
1741124723506 0.728515625 368
1741124723506 0.7264140844345093 369
1741124723506 0.7274296879768372 370
1741124723507 0.728640615940094 371
1741124723507 0.7254999876022339 372
1741124723508 0.7258906364440918 373
1741124723508 0.728445291519165 374
1741124723508 0.7278671860694885 375
1741124723509 0.725906252861023 376
1741124723509 0.7303515672683716 377
1741124723509 0.7261640429496765 378
1741124723510 0.7281484603881836 379
1741124723510 0.726757824420929 380
1741124723511 0.7280312776565552 381
1741124723511 0.7282812595367432 382
1741124723512 0.726757824420929 383
1741124723512 0.7294609546661377 384
1741124723512 0.7268984317779541 385
1741124723513 0.7287734150886536 386
1741124723513 0.7289375066757202 387
1741124723513 0.7289999723434448 388
1741124723514 0.7296249866485596 389
1741124723514 0.7294609546661377 390
1741124723515 0.7282500267028809 391
1741124723515 0.7293828129768372 392
1741124723515 0.7291328310966492 393
1741124723516 0.7298203110694885 394
1741124723516 0.7285546660423279 395
1741124723517 0.7294140458106995 396
1741124723517 0.7300156354904175 397
1741124723517 0.7294765710830688 398
1741124723518 0.7289296984672546 399
1741124723518 0.7295078039169312 400
1741124723519 0.7312343716621399 401
1741124723519 0.7298984527587891 402
1741124723519 0.7315546870231628 403
1741124723520 0.730789065361023 404
1741124723520 0.732046902179718 405
1741124723521 0.7285624742507935 406
1741124723521 0.7304999828338623 407
1741124723521 0.7292031049728394 408
1741124723522 0.7296797037124634 409
1741124723522 0.7297734618186951 410
1741124723523 0.7306171655654907 411
1741124723523 0.7308672070503235 412
1741124723523 0.7314843535423279 413
1741124723524 0.730093777179718 414
1741124723524 0.7304999828338623 415
1741124723525 0.7306093573570251 416
1741124723525 0.7300781011581421 417
1741124723525 0.7302265763282776 418
1741124723526 0.7317968606948853 419
1741124723526 0.7333046793937683 420
1741124723527 0.7321484088897705 421
1741124723527 0.732492208480835 422
1741124723527 0.7314921617507935 423
1741124723528 0.7320937514305115 424
1741124723528 0.7299922108650208 425
1741124723528 0.7331093549728394 426
1741124723529 0.732546865940094 427
1741124723529 0.7313047051429749 428
1741124723530 0.7322656512260437 429
1741124723530 0.732421875 430
1741124723530 0.7299140691757202 431
1741124723531 0.7339531183242798 432
1741124723531 0.7297031283378601 433
1741124723532 0.7320859432220459 434
1741124723532 0.7347578406333923 435
1741124723532 0.7316015362739563 436
1741124723533 0.7320390343666077 437
1741124723533 0.7332343459129333 438
1741124723534 0.7350859642028809 439
1741124723534 0.7353906035423279 440
1741124723534 0.731765627861023 441
1741124723535 0.7320937514305115 442
1741124723535 0.732101559638977 443
1741124723536 0.7333359122276306 444
1741124723536 0.7336328029632568 445
1741124723536 0.7329609394073486 446
1741124723537 0.7335625290870667 447
1741124723537 0.7334374785423279 448
1741124723538 0.735421895980835 449
1741124723538 0.733718752861023 450
1741124723538 0.7328906059265137 451
1741124723539 0.7329531311988831 452
1741124723539 0.7349609136581421 453
1741124723540 0.7334374785423279 454
1741124723540 0.7348437309265137 455
1741124723540 0.7343671917915344 456
1741124723541 0.7350624799728394 457
1741124723541 0.7330625057220459 458
1741124723542 0.734375 459
1741124723542 0.7345859408378601 460
1741124723542 0.7349452972412109 461
1741124723543 0.7350156307220459 462
1741124723543 0.7328593730926514 463
1741124723544 0.7358750104904175 464
1741124723544 0.7333984375 465
1741124723545 0.734976589679718 466
1741124723545 0.7339765429496765 467
1741124723545 0.7360234260559082 468
1741124723546 0.7362655997276306 469
1741124723546 0.7334843873977661 470
1741124723547 0.7343281507492065 471
1741124723547 0.7334921956062317 472
1741124723547 0.734976589679718 473
1741124723548 0.7349218726158142 474
1741124723548 0.7346405982971191 475
1741124723548 0.7340703010559082 476
1741124723549 0.7356953024864197 477
1741124723549 0.7355859279632568 478
1741124723550 0.7352109551429749 479
1741124723550 0.7351250052452087 480
1741124723550 0.7354062795639038 481
1741124723551 0.7348515391349792 482
1741124723551 0.735476553440094 483
1741124723552 0.7384374737739563 484
1741124723552 0.7365624904632568 485
1741124723552 0.7371484637260437 486
1741124723553 0.7371015548706055 487
1741124723553 0.7336875200271606 488
1741124723554 0.7347890734672546 489
1741124723554 0.7366562485694885 490
1741124723554 0.7331718802452087 491
1741124723555 0.7366172075271606 492
1741124723555 0.734499990940094 493
1741124723556 0.7378203272819519 494
1741124723556 0.7362968921661377 495
1741124723556 0.7365078330039978 496
1741124723557 0.7374531030654907 497
1741124723557 0.7388906478881836 498
1741124723558 0.7372734546661377 499
